{
 "cells": [
  {
   "cell_type": "markdown",
   "metadata": {},
   "source": [
    "# Quantum Random Number Generator"
   ]
  },
  {
   "cell_type": "markdown",
   "metadata": {},
   "source": [
    "Easiest example on how to use the Qapitan Platform for the Quantum Random Number Generation"
   ]
  },
  {
   "cell_type": "code",
   "execution_count": 1,
   "metadata": {},
   "outputs": [],
   "source": [
    "# Import some auxiliary packages. Make sure that all packages are installed\n",
    "from Qapitan import Qapitan\n",
    "import time\n",
    "from IPython.display import display, clear_output"
   ]
  },
  {
   "cell_type": "code",
   "execution_count": 2,
   "metadata": {},
   "outputs": [],
   "source": [
    "# Get your private endpoint and credentials from our team - info@qapitan.com\n",
    "QAPITAN_PUBLIC_API = \"https://api.qcentroid.xyz\"\n",
    "PAYLOAD_USER = {\"username\": \"...\", \"password\": \"...\"}"
   ]
  },
  {
   "cell_type": "code",
   "execution_count": 3,
   "metadata": {},
   "outputs": [],
   "source": [
    "# This problem only admits one parameter. The size of the bitstring to randomly generate\n",
    "PAYLOAD_QRNG = {\n",
    "    \"data\": {\n",
    "        \"size\": 50\n",
    "    }\n",
    "}"
   ]
  },
  {
   "cell_type": "code",
   "execution_count": 4,
   "metadata": {},
   "outputs": [
    {
     "name": "stdout",
     "output_type": "stream",
     "text": [
      "{'username': 'sergio@qapitan.com', 'password': 'qapitan'}\n"
     ]
    }
   ],
   "source": [
    "qapitan_api = Qapitan(QAPITAN_PUBLIC_API, PAYLOAD_USER)"
   ]
  },
  {
   "cell_type": "code",
   "execution_count": 5,
   "metadata": {},
   "outputs": [],
   "source": [
    "header = qapitan_api.login()"
   ]
  },
  {
   "cell_type": "code",
   "execution_count": 6,
   "metadata": {},
   "outputs": [
    {
     "name": "stdout",
     "output_type": "stream",
     "text": [
      "{'Authorization': 'Bearer eyJ0eXAiOiJKV1QiLCJhbGciOiJIUzI1NiJ9.eyJ1c2VyX2VtYWlsIjoic2VyZ2lvQHFhcGl0YW4uY29tIiwiZXhwIjoxNjQ0NDk3MDEzfQ.236YDPdYj2uglu-av6UCYdoUQk7SAVamVcEsMGWAXTg'}\n"
     ]
    }
   ],
   "source": [
    "print(header)"
   ]
  },
  {
   "cell_type": "code",
   "execution_count": 7,
   "metadata": {},
   "outputs": [
    {
     "name": "stdout",
     "output_type": "stream",
     "text": [
      "{'detail': 'Authorized. Processing file', 'job': '547RV3TX6T3H'}\n"
     ]
    }
   ],
   "source": [
    "response_json = qapitan_api.execute(header=header, problem='qrng', payload=PAYLOAD_QRNG)\n",
    "print(response_json)"
   ]
  },
  {
   "cell_type": "code",
   "execution_count": 8,
   "metadata": {},
   "outputs": [
    {
     "name": "stdout",
     "output_type": "stream",
     "text": [
      "547RV3TX6T3H\n"
     ]
    }
   ],
   "source": [
    "job_id = response_json['job']\n",
    "print(job_id)"
   ]
  },
  {
   "cell_type": "code",
   "execution_count": 9,
   "metadata": {},
   "outputs": [
    {
     "name": "stdout",
     "output_type": "stream",
     "text": [
      "Execution Result:\n",
      "{'status': 'FINISHED', 'started_at': '02/10/2022, 11:43:34', 'end_at': '02/10/2022, 11:45:04', 'executions': {'qapitan-solver-qrng': {'started_at': '', 'end_at': '02/10/2022, 11:44:53', 'status': 'SUCCESS', 'data': {'size': 50}, 'arguments': '', 'result': '10000110010100101101110110101100101001110000100111'}}}\n"
     ]
    }
   ],
   "source": [
    "result = qapitan_api.get_result(header=header, job_name=response_json['job'])\n",
    "\n",
    "while(job_id not in result['job'] or result['job'][job_id]['status'] != 'FINISHED'):\n",
    "\tif(job_id in result['job']):\n",
    "\t\tdisplay(result['job'][job_id]['status'])\n",
    "\telse:\n",
    "\t\tdisplay('LOADING')\n",
    "\ttime.sleep(3)\n",
    "\tclear_output(wait=True)\n",
    "\tresult = qapitan_api.get_result(header=header, job_name=response_json['job'])\n",
    "\n",
    "clear_output(wait=True)\n",
    "# Print result\n",
    "print(\"Execution Result:\")\n",
    "print(result['job'][job_id])"
   ]
  },
  {
   "cell_type": "code",
   "execution_count": 10,
   "metadata": {},
   "outputs": [
    {
     "data": {
      "text/plain": [
       "'10000110010100101101110110101100101001110000100111'"
      ]
     },
     "execution_count": 10,
     "metadata": {},
     "output_type": "execute_result"
    }
   ],
   "source": [
    "qapitan_api.get_best_result(header, response_json['job'])"
   ]
  },
  {
   "cell_type": "code",
   "execution_count": 11,
   "metadata": {},
   "outputs": [
    {
     "name": "stdout",
     "output_type": "stream",
     "text": [
      "{'job': {'547RV3TX6T3H': {'status': 'FINISHED', 'started_at': '02/10/2022, 11:43:34', 'end_at': '02/10/2022, 11:45:04', 'executions': {'qapitan-solver-qrng': {'started_at': '', 'end_at': '02/10/2022, 11:44:53', 'status': 'SUCCESS', 'data': {'size': 50}, 'arguments': '', 'result': '10000110010100101101110110101100101001110000100111'}}}, 'NO0RHQYCLDIE': {'status': 'FINISHED', 'started_at': '02/10/2022, 11:42:13', 'end_at': '02/10/2022, 11:43:52', 'executions': {'qapitan-solver-qrng': {'started_at': '', 'end_at': '02/10/2022, 11:43:40', 'status': 'SUCCESS', 'data': {'size': 50}, 'arguments': '', 'result': '11101011001100111100101000110111111111101010000100'}}}, 'RDXS5BFOXWZ2': {'status': 'FINISHED', 'started_at': '02/10/2022, 11:38:32', 'end_at': '02/10/2022, 11:40:00', 'executions': {'qapitan-solver-portfolio-optimization': {'started_at': '', 'end_at': '02/10/2022, 11:39:48', 'status': 'SUCCESS', 'data': {'exp': [1, 2, 3, 2], 'cov': [[1, 3, 2, 1], [2, 2, 3, 2], [3, 4, 1, 1], [1, 1, 2, 3]], 'cost': [12, 11, 10, 3], 'budget': 100}, 'arguments': '', 'result': [0, 1, 2, 3]}}}, 'JS4WXVA7Q99T': {'status': 'FINISHED', 'started_at': '02/10/2022, 11:26:55', 'end_at': '02/10/2022, 11:28:26', 'executions': {'Solver_Qapitan_QUBO_Framework-Tsp-annealing_sim-dwave-local': {'started_at': '', 'end_at': '02/10/2022, 11:28:16', 'status': 'SUCCESS', 'data': {'number_nodes': 3, 'weight_matrix': [[-1, 2, 6], [2, -1, 4], [6, 4, -1]], 'first_node': 0}, 'arguments': '', 'result': [[0, 1, 2, 0], [12, 2.0]]}}}, 'D0RUW9US8I2X': {'status': 'FINISHED', 'started_at': '02/10/2022, 11:24:42', 'end_at': '02/10/2022, 11:26:14', 'executions': {'qapitan-solver-portfolio-optimization': {'started_at': '', 'end_at': '02/10/2022, 11:26:04', 'status': 'SUCCESS', 'data': {'exp': [1, 2, 3, 2], 'cov': [[1, 3, 2, 1], [2, 2, 3, 2], [3, 4, 1, 1], [1, 1, 2, 3]], 'cost': [12, 11, 10, 3], 'budget': 100}, 'arguments': '', 'result': [0, 1, 2, 3]}}}, 'H26UN5BQ9WDF': {'status': 'FINISHED', 'started_at': '02/10/2022, 11:22:52', 'end_at': '02/10/2022, 11:24:27', 'executions': {'Solver_Qapitan_QUBO_Framework-Tsp-annealing_sim-dwave-local': {'started_at': '', 'end_at': '02/10/2022, 11:24:17', 'status': 'SUCCESS', 'data': {'number_nodes': 9, 'weight_matrix': [[-1.0, 0.09289059870225279, 0.04694935086215485, 0.8195861037747975, 0.20610242983222274, 0.1498415035975667, 0.1622186663260687, 0.11061985338530295, 0.6393368646950608], [0.09289059870225279, -1.0, 0.07876878065960505, 0.8718562725582267, 0.13016339973564436, 0.22320362091321186, 0.09438196495830917, 0.030433923411009905, 0.5531225417393407], [0.04694935086215485, 0.07876878065960505, -1.0, 0.8005577500884856, 0.20725094940209693, 0.14443751545976988, 0.16753415181952686, 0.08337944844717388, 0.6022864920603299], [0.8195861037747975, 0.8718562725582267, 0.8005577500884856, -1.0, 1.0, 0.6716120211410961, 0.9659752131950057, 0.8580411400375106, 0.9784418065294282], [0.20610242983222274, 0.13016339973564436, 0.20725094940209693, 1.0, -1.0, 0.3503457718059237, 0.04513758926685109, 0.1420212668742666, 0.5146943773650066], [0.1498415035975667, 0.22320362091321186, 0.14443751545976988, 0.6716120211410961, 0.3503457718059237, -1.0, 0.30858426858733434, 0.22427634920329909, 0.7020701942643061], [0.1622186663260687, 0.09438196495830917, 0.16753415181952686, 0.9659752131950057, 0.04513758926685109, 0.30858426858733434, -1.0, 0.11321023669429185, 0.54646186358124], [0.11061985338530295, 0.030433923411009905, 0.08337944844717388, 0.8580411400375106, 0.1420212668742666, 0.22427634920329909, 0.11321023669429185, -1.0, 0.52959167230549], [0.6393368646950608, 0.5531225417393407, 0.6022864920603299, 0.9784418065294282, 0.5146943773650066, 0.7020701942643061, 0.54646186358124, 0.52959167230549, -1.0]], 'first_node': 3}, 'arguments': {}, 'result': [[3, 0, 5, 4, 1, 7, 8, 6, 2, 3], [3.524516140119685, 3.524516140119685]]}}}, 'EQKWYR7ELEU6': {'status': 'FINISHED', 'started_at': '02/10/2022, 11:22:02', 'end_at': '02/10/2022, 11:23:36', 'executions': {'qapitan-solver-qrng': {'started_at': '', 'end_at': '02/10/2022, 11:23:23', 'status': 'SUCCESS', 'data': {'size': 50}, 'arguments': '', 'result': '00010111011100110111100011000010100010101011001110'}}}, 'EQB929KHY222': {'status': 'FINISHED', 'started_at': '02/10/2022, 11:21:56', 'end_at': '02/10/2022, 11:23:27', 'executions': {'qapitan-solver-qrng': {'started_at': '', 'end_at': '02/10/2022, 11:23:12', 'status': 'SUCCESS', 'data': {'size': 50}, 'arguments': '', 'result': '00111000101010111001110100111010011010110011001111'}}}, 'ZHWW1CDC55H0': {'status': 'FINISHED', 'started_at': '02/10/2022, 11:21:50', 'end_at': '02/10/2022, 11:23:24', 'executions': {'qapitan-solver-qrng': {'started_at': '', 'end_at': '02/10/2022, 11:23:17', 'status': 'SUCCESS', 'data': {'size': 50}, 'arguments': '', 'result': '00110111001110111000011100111001001010011101111101'}}}, 'QDET4ELVT0IQ': {'status': 'ERROR', 'started_at': '02/10/2022, 10:54:55', 'end_at': '02/10/2022, 10:56:35', 'executions': {'qapitan-solver-expectedshortfall': {'started_at': '', 'end_at': '02/10/2022, 10:56:22', 'status': 'ERROR', 'data': {'loans': [[0.15, 0.1, 100000], [0.25, 0.05, 200000], [0.2, 0.07, 300000], [0.02, 0.01, 400000]], 'alpha': 0.03}, 'arguments': '', 'result': \"'No IBM Quantum Experience credentials found.'\"}}}, 'ITO6JG9G17VM': {'status': 'ERROR', 'started_at': '02/10/2022, 10:27:03', 'end_at': '02/10/2022, 10:28:43', 'executions': {'qapitan-solver-expectedshortfall': {'started_at': '', 'end_at': '02/10/2022, 10:28:31', 'status': 'ERROR', 'data': {'loans': [[0.15, 0.1, 100000], [0.25, 0.05, 200000], [0.2, 0.07, 300000], [0.02, 0.01, 400000]], 'alpha': 0.03}, 'arguments': '', 'result': \"argument of type 'bool' is not iterable\"}}}, 'D2U0U0KJJ895': {'status': 'FINISHED', 'started_at': '02/09/2022, 10:16:09', 'end_at': '02/10/2022, 10:17:44', 'executions': {'Solver_Qapitan_QUBO_Framework-Tsp-annealing_sim-dwave-local': {'started_at': '', 'end_at': '02/09/2022, 10:17:32', 'status': 'SUCCESS', 'data': {'number_nodes': 3, 'weight_matrix': [[-1, 2, 6], [2, -1, 4], [6, 4, -1]], 'first_node': 0}, 'arguments': '', 'result': [[0, 1, 2, 0], [12, 2.0]]}}}, '9YHW5RTP48DI': {'status': 'ERROR', 'started_at': '02/10/2022, 10:01:47', 'end_at': '02/10/2022, 10:03:29', 'executions': {'qapitan-solver-expectedshortfall': {'started_at': '', 'end_at': '02/10/2022, 10:03:19', 'status': 'ERROR', 'data': {'loans': [[0.15, 0.1, 100000], [0.25, 0.05, 200000], [0.2, 0.07, 300000], [0.02, 0.01, 400000]], 'alpha': 0.03}, 'arguments': '', 'result': \"argument of type 'bool' is not iterable\"}}}, '1P8999B1F8PG': {'status': 'FINISHED', 'started_at': '02/10/2022, 10:01:42', 'end_at': '02/10/2022, 10:03:14', 'executions': {'qapitan-solver-qrng': {'started_at': '', 'end_at': '02/10/2022, 10:03:04', 'status': 'SUCCESS', 'data': {'size': 20}, 'arguments': '', 'result': '11101000110000011010'}}}, 'LW168NONS88V': {'status': 'FINISHED', 'started_at': '02/10/2022, 10:01:37', 'end_at': '02/10/2022, 10:03:13', 'executions': {'qapitan-solver-portfolio-optimization': {'started_at': '', 'end_at': '02/10/2022, 10:03:01', 'status': 'SUCCESS', 'data': {'exp': [1, 2, 3, 2], 'cov': [[1, 3, 2, 1], [2, 2, 3, 2], [3, 4, 1, 1], [1, 1, 2, 3]], 'cost': [12, 11, 10, 3], 'budget': 30}, 'arguments': '', 'result': [1, 2, 3]}}}, '05JLMF34PUO5': {'status': 'ERROR', 'started_at': '02/08/2022, 14:05:45', 'end_at': '02/08/2022, 14:07:21', 'executions': {'Solver_Qapitan_QUBO_Framework-Maxcut-annealing_sim-dwave-local': {'started_at': '', 'end_at': '02/08/2022, 14:07:11', 'status': 'ERROR', 'data': {'edges': [[0, 1], [0, 2], [1, 3], [2, 3], [2, 4], [3, 4]]}, 'arguments': '', 'result': 'Object of type int8 is not JSON serializable'}}}, 'ZXQX1VDTBXRP': {'status': 'ERROR', 'started_at': '02/08/2022, 07:53:17', 'end_at': '02/08/2022, 07:53:17', 'executions': {}}, 'GQ2XIGWZC9VD': {'status': 'FINISHED', 'started_at': '02/07/2022, 16:21:45', 'end_at': '02/07/2022, 16:23:13', 'executions': {'Solver_Qapitan_QUBO_Framework-Tsp-annealing_sim-dwave-local': {'started_at': '', 'end_at': '02/07/2022, 16:23:03', 'status': 'SUCCESS', 'data': {'number_nodes': 9, 'weight_matrix': [[-1.0, 0.09289059870225279, 0.04694935086215485, 0.8195861037747975, 0.20610242983222274, 0.1498415035975667, 0.1622186663260687, 0.11061985338530295, 0.6393368646950608], [0.09289059870225279, -1.0, 0.07876878065960505, 0.8718562725582267, 0.13016339973564436, 0.22320362091321186, 0.09438196495830917, 0.030433923411009905, 0.5531225417393407], [0.04694935086215485, 0.07876878065960505, -1.0, 0.8005577500884856, 0.20725094940209693, 0.14443751545976988, 0.16753415181952686, 0.08337944844717388, 0.6022864920603299], [0.8195861037747975, 0.8718562725582267, 0.8005577500884856, -1.0, 1.0, 0.6716120211410961, 0.9659752131950057, 0.8580411400375106, 0.9784418065294282], [0.20610242983222274, 0.13016339973564436, 0.20725094940209693, 1.0, -1.0, 0.3503457718059237, 0.04513758926685109, 0.1420212668742666, 0.5146943773650066], [0.1498415035975667, 0.22320362091321186, 0.14443751545976988, 0.6716120211410961, 0.3503457718059237, -1.0, 0.30858426858733434, 0.22427634920329909, 0.7020701942643061], [0.1622186663260687, 0.09438196495830917, 0.16753415181952686, 0.9659752131950057, 0.04513758926685109, 0.30858426858733434, -1.0, 0.11321023669429185, 0.54646186358124], [0.11061985338530295, 0.030433923411009905, 0.08337944844717388, 0.8580411400375106, 0.1420212668742666, 0.22427634920329909, 0.11321023669429185, -1.0, 0.52959167230549], [0.6393368646950608, 0.5531225417393407, 0.6022864920603299, 0.9784418065294282, 0.5146943773650066, 0.7020701942643061, 0.54646186358124, 0.52959167230549, -1.0]], 'first_node': 3}, 'arguments': {}, 'result': [[3, 4, 1, 5, 6, 7, 0, 2, 8, 3], [3.513459028767698, 3.513459028767698]]}}}, '5BXQW1YNRMB0': {'status': 'FINISHED', 'started_at': '02/07/2022, 16:21:21', 'end_at': '02/07/2022, 16:22:51', 'executions': {'qapitan-solver-qrng': {'started_at': '', 'end_at': '02/07/2022, 16:22:38', 'status': 'SUCCESS', 'data': {'size': 20}, 'arguments': '', 'result': '11001111111110101111'}}}, '8QXB4DWGF7NR': {'status': 'FINISHED', 'started_at': '02/07/2022, 14:47:28', 'end_at': '02/07/2022, 14:48:57', 'executions': {'Solver_Qapitan_QUBO_Framework-Tsp-annealing_sim-dwave-local': {'started_at': '', 'end_at': '02/07/2022, 14:48:47', 'status': 'SUCCESS', 'data': {'number_nodes': 9, 'weight_matrix': [[-1.0, 0.09289059870225279, 0.04694935086215485, 0.8195861037747975, 0.20610242983222274, 0.1498415035975667, 0.1622186663260687, 0.11061985338530295, 0.6393368646950608], [0.09289059870225279, -1.0, 0.07876878065960505, 0.8718562725582267, 0.13016339973564436, 0.22320362091321186, 0.09438196495830917, 0.030433923411009905, 0.5531225417393407], [0.04694935086215485, 0.07876878065960505, -1.0, 0.8005577500884856, 0.20725094940209693, 0.14443751545976988, 0.16753415181952686, 0.08337944844717388, 0.6022864920603299], [0.8195861037747975, 0.8718562725582267, 0.8005577500884856, -1.0, 1.0, 0.6716120211410961, 0.9659752131950057, 0.8580411400375106, 0.9784418065294282], [0.20610242983222274, 0.13016339973564436, 0.20725094940209693, 1.0, -1.0, 0.3503457718059237, 0.04513758926685109, 0.1420212668742666, 0.5146943773650066], [0.1498415035975667, 0.22320362091321186, 0.14443751545976988, 0.6716120211410961, 0.3503457718059237, -1.0, 0.30858426858733434, 0.22427634920329909, 0.7020701942643061], [0.1622186663260687, 0.09438196495830917, 0.16753415181952686, 0.9659752131950057, 0.04513758926685109, 0.30858426858733434, -1.0, 0.11321023669429185, 0.54646186358124], [0.11061985338530295, 0.030433923411009905, 0.08337944844717388, 0.8580411400375106, 0.1420212668742666, 0.22427634920329909, 0.11321023669429185, -1.0, 0.52959167230549], [0.6393368646950608, 0.5531225417393407, 0.6022864920603299, 0.9784418065294282, 0.5146943773650066, 0.7020701942643061, 0.54646186358124, 0.52959167230549, -1.0]], 'first_node': 3}, 'arguments': {}, 'result': [[3, 0, 4, 6, 7, 5, 8, 1, 2, 3], [3.5428319755231996, 3.5428319755231996]]}}}, 'NQDFUY2X7XCE': {'status': 'FINISHED', 'started_at': '02/07/2022, 14:47:06', 'end_at': '02/07/2022, 14:48:46', 'executions': {'qapitan-solver-qrng': {'started_at': '', 'end_at': '02/07/2022, 14:48:34', 'status': 'SUCCESS', 'data': {'size': 20}, 'arguments': '', 'result': '00110111000000110010'}}}, 'SCWC8TTV2YH3': {'status': 'FINISHED', 'started_at': '02/07/2022, 12:51:28', 'end_at': '02/07/2022, 12:52:55', 'executions': {'qapitan-solver-qrng': {'started_at': '', 'end_at': '02/07/2022, 12:52:45', 'status': 'SUCCESS', 'data': {'size': 20}, 'arguments': '', 'result': '01111001100101000000'}}}, 'OA0301BIVF5D': {'status': 'FINISHED', 'started_at': '02/07/2022, 12:51:19', 'end_at': '02/07/2022, 12:52:48', 'executions': {'qapitan-solver-qrng': {'started_at': '', 'end_at': '02/07/2022, 12:52:37', 'status': 'SUCCESS', 'data': {'size': 20}, 'arguments': '', 'result': '00101011101100001111'}}}, 'J6YHFI0WF9AC': {'status': 'FINISHED', 'started_at': '02/07/2022, 12:50:59', 'end_at': '02/07/2022, 12:52:26', 'executions': {'qapitan-solver-qrng': {'started_at': '', 'end_at': '02/07/2022, 12:52:16', 'status': 'SUCCESS', 'data': {'size': 20}, 'arguments': '', 'result': '10111101001101100100'}}}, 'IPT832VR1F8M': {'status': 'FINISHED', 'started_at': '02/07/2022, 12:49:33', 'end_at': '02/07/2022, 12:51:18', 'executions': {'Solver_Qapitan_QUBO_Framework-Tsp-annealing_sim-dwave-local': {'started_at': '', 'end_at': '02/07/2022, 12:51:06', 'status': 'SUCCESS', 'data': {'number_nodes': 9, 'weight_matrix': [[-1.0, 0.09289059870225279, 0.04694935086215485, 0.8195861037747975, 0.20610242983222274, 0.1498415035975667, 0.1622186663260687, 0.11061985338530295, 0.6393368646950608], [0.09289059870225279, -1.0, 0.07876878065960505, 0.8718562725582267, 0.13016339973564436, 0.22320362091321186, 0.09438196495830917, 0.030433923411009905, 0.5531225417393407], [0.04694935086215485, 0.07876878065960505, -1.0, 0.8005577500884856, 0.20725094940209693, 0.14443751545976988, 0.16753415181952686, 0.08337944844717388, 0.6022864920603299], [0.8195861037747975, 0.8718562725582267, 0.8005577500884856, -1.0, 1.0, 0.6716120211410961, 0.9659752131950057, 0.8580411400375106, 0.9784418065294282], [0.20610242983222274, 0.13016339973564436, 0.20725094940209693, 1.0, -1.0, 0.3503457718059237, 0.04513758926685109, 0.1420212668742666, 0.5146943773650066], [0.1498415035975667, 0.22320362091321186, 0.14443751545976988, 0.6716120211410961, 0.3503457718059237, -1.0, 0.30858426858733434, 0.22427634920329909, 0.7020701942643061], [0.1622186663260687, 0.09438196495830917, 0.16753415181952686, 0.9659752131950057, 0.04513758926685109, 0.30858426858733434, -1.0, 0.11321023669429185, 0.54646186358124], [0.11061985338530295, 0.030433923411009905, 0.08337944844717388, 0.8580411400375106, 0.1420212668742666, 0.22427634920329909, 0.11321023669429185, -1.0, 0.52959167230549], [0.6393368646950608, 0.5531225417393407, 0.6022864920603299, 0.9784418065294282, 0.5146943773650066, 0.7020701942643061, 0.54646186358124, 0.52959167230549, -1.0]], 'first_node': 3}, 'arguments': {}, 'result': [[3, 7, 8, 4, 5, 2, 0, 1, 6, 3], [3.597307604691423, 3.597307604691423]]}}}, 'MHJCAG7UQM5X': {'status': 'ERROR', 'started_at': '02/07/2022, 12:48:57', 'end_at': '02/07/2022, 12:48:57', 'executions': {}}}}\n"
     ]
    }
   ],
   "source": [
    "all_results = qapitan_api.get_results(header)\n",
    "print(all_results)"
   ]
  },
  {
   "cell_type": "code",
   "execution_count": null,
   "metadata": {},
   "outputs": [],
   "source": []
  }
 ],
 "metadata": {
  "kernelspec": {
   "display_name": "Python 3.8.8 ('qiskit24')",
   "language": "python",
   "name": "python3"
  },
  "language_info": {
   "codemirror_mode": {
    "name": "ipython",
    "version": 3
   },
   "file_extension": ".py",
   "mimetype": "text/x-python",
   "name": "python",
   "nbconvert_exporter": "python",
   "pygments_lexer": "ipython3",
   "version": "3.8.8"
  },
  "vscode": {
   "interpreter": {
    "hash": "1e5366f5d7ab9e8029fecb4dc2357caf5baebd045e63e09a01f53b8832049681"
   }
  }
 },
 "nbformat": 4,
 "nbformat_minor": 4
}
