{
    "data": {
        "rends": [
            -0.0027541542859956347,
            -0.014213632046890252,
            0.0009995927200952422,
            -0.0045997469623727215,
            0.0023537240160824047,
            -0.022014177595068903,
            0.011043989676240791,
            0.03243488690827695,
            0.017083826107331095,
            0.004001404039885182,
            -0.00040603494560544377,
            -0.004722037490524482,
            -0.014576706714089319,
            -0.027984419578621484,
            0.017094358976636442,
            -0.006158913971330809,
            -0.0032499441149435315,
            -0.0015652994648505066,
            -0.012204369860321316,
            -0.01257130989476393,
            0.004533387128590306,
            0.014392861028367673,
            0.006492970306841581,
            -0.009895319672207196,
            -0.016226100425107873,
            -0.028901632247232033,
            -0.0011525861560832268,
            -0.03010580582012777,
            -0.002275243517580838,
            0.03135045176333911,
            0.015990622674181023,
            -1.4609880785821512e-05,
            -0.013121349888474108,
            -0.0014199233809057035
        ],
        "current": [
            0.0,
            0.0,
            0.0,
            0.0,
            0.0,
            0.0,
            0.0,
            0.0,
            0.0,
            0.0,
            0.0,
            0.0,
            0.0,
            0.0,
            0.0,
            0.0,
            0.0,
            0.0,
            0.0,
            0.0,
            0.0,
            0.0,
            0.0,
            0.0,
            0.0,
            0.0,
            0.0,
            0.0,
            0.0,
            0.0,
            0.0,
            0.0,
            0.0,
            0.0
        ],
        "cost": [
            0.0,
            0.0,
            0.0,
            0.0,
            0.0,
            0.0,
            0.0,
            0.0,
            0.0,
            0.0,
            0.0,
            0.0,
            0.0,
            0.0,
            0.0,
            0.0,
            0.0,
            0.0,
            0.0,
            0.0,
            0.0,
            0.0,
            0.0,
            0.0,
            0.0,
            0.0,
            0.0,
            0.0,
            0.0,
            0.0,
            0.0,
            0.0,
            0.0,
            0.0
        ],
        "cov": [
            [
                0.0003561280082428431,
                0.00017626628307282883,
                0.00019552036592152886,
                0.00012446896871907222,
                0.00016578899212726234,
                0.00020821290986288506,
                0.0002472115943826175,
                0.0001861674188221729,
                0.00023573062127588671,
                0.0001317128761511249,
                8.691798253427593e-05,
                0.000182124772612714,
                0.00013422561336190526,
                0.00011669172595505933,
                0.00010097778632169946,
                0.00018639845890853829,
                0.0001058432117754811,
                0.0002985175859570837,
                0.00015728011814486798,
                0.00015926515226006584,
                0.00015601078675699754,
                0.00018350488805835805,
                0.00021447760180974608,
                0.00016505606532634675,
                0.0003146027566795579,
                0.0001513181748868079,
                0.0001661759484720668,
                0.00020992380597536798,
                7.615870208433622e-05,
                0.00021335541841949808,
                0.0002489997504350953,
                0.00021620820496089799,
                0.00021912885294320605,
                0.00016631389348481626
            ],
            [
                0.00017626628307282883,
                0.0003852907785825809,
                0.0001328131874691534,
                9.535586715683524e-05,
                0.00014417943677768808,
                0.0001789167837128224,
                0.00022419133811612534,
                0.00017750634450489135,
                0.00021903146824673672,
                0.00012473582603789813,
                5.476784612129398e-05,
                0.00012703557916824378,
                0.00010210859827899392,
                8.784104860445414e-05,
                9.660272503851736e-05,
                0.00013546908296322948,
                9.418607145373042e-05,
                0.0002266631680078468,
                0.00012120161669070628,
                0.00015373254699229584,
                0.00013603856587405817,
                0.00016284873921915905,
                0.00018150297356273794,
                0.00012744421327029337,
                0.0004029838775904725,
                0.0001162710243256928,
                0.00016315545420695629,
                0.00018088715037657606,
                7.566705975160978e-05,
                0.00017092620751826948,
                0.0002263779013008822,
                0.0001967731597092856,
                0.0002119618509608974,
                0.00014906360923613128
            ],
            [
                0.00019552036592152886,
                0.0001328131874691534,
                0.0003499433933446105,
                9.242346006144408e-05,
                0.0001855934697974384,
                0.0001406372264350645,
                0.00020241688779370205,
                0.00017848063540371934,
                0.0001753548844643249,
                0.00013591843757861108,
                8.789836355210562e-05,
                0.00016538840415583153,
                0.00011023590933434197,
                0.000105273639569901,
                9.441964307902982e-05,
                0.0001661837941988065,
                8.271918928868125e-05,
                0.0003259544938817732,
                0.00010304580894539078,
                0.00014790982309953454,
                0.00015332837693410198,
                0.00015187826657710854,
                0.00022743615819037076,
                0.00015756592745075134,
                0.00020482024887857932,
                0.00012585350047692058,
                8.985544563359213e-05,
                0.00014955588413227553,
                5.2456286467846495e-05,
                0.00022013596994560058,
                0.00020223324815859864,
                0.00011697874396104345,
                0.00010887728287305654,
                0.000129342295543055
            ],
            [
                0.00012446896871907222,
                9.535586715683524e-05,
                9.242346006144408e-05,
                0.0005271470420661719,
                8.558051399819594e-05,
                0.00013124954205024633,
                0.00013406268130238734,
                0.00011139871174384174,
                0.00010535216327200631,
                9.731882079195713e-05,
                6.774293101323766e-05,
                0.00010502231092459642,
                8.071481198494222e-05,
                8.08395065475093e-05,
                7.447891934902089e-05,
                0.00011929851023874027,
                0.0001065262868640821,
                0.00012087415733135719,
                0.0001016766032074436,
                9.378878081711922e-05,
                0.00011064972365641248,
                0.00012661823232967075,
                0.00014562143151991387,
                7.346700736010269e-05,
                0.00017352479776286533,
                0.00010151381557717227,
                0.0001744348023403564,
                0.0001194771381749134,
                6.718779404550805e-05,
                0.00011040813341476536,
                0.00014280316813026304,
                0.00016078884689638546,
                0.00014350728328061586,
                0.00010301115376927008
            ],
            [
                0.00016578899212726234,
                0.00014417943677768808,
                0.0001855934697974384,
                8.558051399819594e-05,
                0.00032067796981159074,
                0.00012129915538192227,
                0.00018087226268154446,
                0.0001692223766636195,
                0.00014765668864170957,
                0.00013148067219842361,
                8.20305707470159e-05,
                0.00012200080439601091,
                9.15437360756307e-05,
                8.159942110700973e-05,
                8.467390706395663e-05,
                0.00015002505929122124,
                9.521351045608548e-05,
                0.0002726438954845941,
                0.00010584128594768162,
                0.00016905915485311665,
                0.00014075578326836033,
                0.00013739033325269436,
                0.00022217476101731446,
                0.00015430506589686236,
                0.00019717033580265327,
                0.00010892347642581125,
                0.00012993536818229533,
                0.00015252375047411713,
                4.206521134596529e-05,
                0.00018087722587451635,
                0.00018478483236294938,
                0.00013799024577805115,
                0.00011447453416532211,
                0.00012054422188838632
            ],
            [
                0.00020821290986288506,
                0.0001789167837128224,
                0.0001406372264350645,
                0.00013124954205024633,
                0.00012129915538192227,
                0.0009191619230749667,
                0.00021749199988073785,
                0.00021774290532015718,
                0.0002140219078878413,
                0.00011176511419326553,
                0.00011126573882602892,
                0.00016666490615095957,
                0.00013930145409942542,
                0.00013712977688264366,
                0.00010962817770985906,
                0.00016564918300646434,
                0.00012883492861718457,
                0.00018184792025273882,
                0.00017067834489844504,
                0.00015452988492345245,
                0.00015203383031771873,
                0.0001730293173796276,
                0.00017709088302595292,
                0.00010527381186326725,
                0.00030454314765045436,
                0.00015988063226075308,
                0.0001846126522350128,
                0.00016718053028445695,
                8.45245092962709e-05,
                0.00016312807500703974,
                0.00021703178895729003,
                0.00026066098716314156,
                0.00028830602074859577,
                0.00018557692628204755
            ],
            [
                0.0002472115943826175,
                0.00022419133811612534,
                0.00020241688779370205,
                0.00013406268130238734,
                0.00018087226268154446,
                0.00021749199988073785,
                0.0004817128904012094,
                0.0003066606075098708,
                0.0003587051147812637,
                0.0001608311584817643,
                6.0420799052774184e-05,
                0.0002030486740148693,
                0.00017245833368362674,
                0.00013435982217638691,
                0.00012236500444156128,
                0.00020955954274932983,
                0.00011918317306449099,
                0.00033982892261697395,
                0.00019589570939736666,
                0.00021059238324142138,
                0.00019923172893932979,
                0.00026020311006581093,
                0.00027262990018622855,
                0.00017709414719720083,
                0.00039969955738062445,
                0.00018164911915626134,
                0.00020980420888577533,
                0.0002741167808776986,
                9.57276997288778e-05,
                0.00030058581779330115,
                0.00043406743038990357,
                0.0002644219461186502,
                0.0002668145514681457,
                0.0002659164782825057
            ],
            [
                0.0001861674188221729,
                0.00017750634450489135,
                0.00017848063540371934,
                0.00011139871174384174,
                0.0001692223766636195,
                0.00021774290532015718,
                0.0003066606075098708,
                0.005673128207162195,
                0.0003349277752864953,
                0.00012614789635718404,
                4.5699720939259663e-05,
                0.00018380953441873705,
                0.00013944824398886418,
                0.00011342501910312969,
                0.00012121702823860875,
                0.0001502375349620614,
                0.00010833081311261209,
                0.00030024335876033714,
                0.00016200215427248347,
                0.0001831731640169031,
                0.00015986261178157972,
                0.00021160028975004432,
                0.00019529203606471877,
                0.0001598981491945797,
                0.0003026260979613742,
                0.0001495762880883871,
                0.0001566960486065383,
                0.0001995951027113847,
                6.380330514691126e-05,
                0.0002993877518134969,
                0.0003134646945894711,
                0.0002284849941371187,
                0.00021983218165138755,
                0.00019838704657996968
            ],
            [
                0.00023573062127588671,
                0.00021903146824673672,
                0.0001753548844643249,
                0.00010535216327200631,
                0.00014765668864170957,
                0.0002140219078878413,
                0.0003587051147812637,
                0.0003349277752864953,
                0.0004745838576481914,
                0.00014985077574407844,
                3.8685819291767756e-05,
                0.00020100884044472613,
                0.0001398439601229256,
                0.00012839810770403685,
                0.00010811397904501121,
                0.00019795243216037703,
                0.00010476551269399077,
                0.0002879072060126891,
                0.0001789854359575874,
                0.00019612644868464862,
                0.00016573072097025472,
                0.0002627810990943923,
                0.0002580381224490732,
                0.0001575659898344801,
                0.0003218552635978888,
                0.00017858877372415333,
                0.00019925594766259959,
                0.00025686920408077513,
                6.365356855760454e-05,
                0.000394061268792485,
                0.0003665945035117827,
                0.00024138116298639214,
                0.0002136485835149831,
                0.00021365116498562082
            ],
            [
                0.0001317128761511249,
                0.00012473582603789813,
                0.00013591843757861108,
                9.731882079195713e-05,
                0.00013148067219842361,
                0.00011176511419326553,
                0.0001608311584817643,
                0.00012614789635718404,
                0.00014985077574407844,
                0.0004142764240137782,
                6.75866714168889e-05,
                0.0001085049658438658,
                6.611964006009075e-05,
                6.052726575230251e-05,
                9.99513571040258e-05,
                0.00011227550112472443,
                6.605449968108369e-05,
                0.00023136773547541083,
                8.115844232265715e-05,
                0.00010274946935690225,
                0.0001023200205657736,
                0.00011889790392641321,
                0.00016223732705295514,
                0.00012084799577609087,
                0.00022286931455755952,
                7.808898741408939e-05,
                0.00011867879596103069,
                0.00012186129053391496,
                5.22321090546219e-05,
                0.0001424730734780878,
                0.00016082694836726515,
                0.00014838030445662182,
                0.00013685231910390337,
                8.915272303075546e-05
            ],
            [
                8.691798253427593e-05,
                5.476784612129398e-05,
                8.789836355210562e-05,
                6.774293101323766e-05,
                8.20305707470159e-05,
                0.00011126573882602892,
                6.0420799052774184e-05,
                4.5699720939259663e-05,
                3.8685819291767756e-05,
                6.75866714168889e-05,
                0.0003158880910232743,
                7.226907829644739e-05,
                8.883310692586044e-05,
                8.264999672926084e-05,
                8.705227168848534e-05,
                9.519373860413785e-05,
                9.081214537283132e-05,
                9.914153137546313e-05,
                0.00010139979745759358,
                6.187022908086048e-05,
                8.279148093635872e-05,
                7.100290450262351e-05,
                5.808728155077602e-05,
                6.540351908352109e-05,
                8.500837544339786e-05,
                8.537603777070612e-05,
                0.0001796694889482826,
                5.922710287718186e-05,
                5.830009405970601e-05,
                4.151680769176377e-05,
                6.998328177282594e-05,
                0.00013697316836989298,
                0.0001430826743607884,
                7.698937401234627e-05
            ],
            [
                0.000182124772612714,
                0.00012703557916824378,
                0.00016538840415583153,
                0.00010502231092459642,
                0.00012200080439601091,
                0.00016666490615095957,
                0.0002030486740148693,
                0.00018380953441873705,
                0.00020100884044472613,
                0.0001085049658438658,
                7.226907829644739e-05,
                0.001158953214174233,
                0.0001103353412123485,
                9.957226747114792e-05,
                9.38449454220825e-05,
                0.00015320789299995543,
                9.576157808899511e-05,
                0.0002296382650377603,
                0.00012489401498458062,
                0.0001282279201892191,
                0.00012508951504879178,
                0.00014472642116018062,
                0.00018740971281163918,
                0.00017994467634919372,
                0.00022749600271431647,
                0.00013172982745210016,
                0.0001539374007508157,
                0.0001580882082028483,
                5.499642067615931e-05,
                0.00015500147850123965,
                0.00020511420932138043,
                0.0001780201349148333,
                0.00020314841125513254,
                0.0001297981824933372
            ],
            [
                0.00013422561336190526,
                0.00010210859827899392,
                0.00011023590933434197,
                8.071481198494222e-05,
                9.15437360756307e-05,
                0.00013930145409942542,
                0.00017245833368362674,
                0.00013944824398886418,
                0.0001398439601229256,
                6.611964006009075e-05,
                8.883310692586044e-05,
                0.0001103353412123485,
                0.0002611298586957183,
                0.00011679349433910584,
                7.542953923722957e-05,
                0.0001216245639389653,
                8.75329405816225e-05,
                0.00013371290569634447,
                0.000151592159229699,
                0.00010734753287650253,
                0.0001048731721979544,
                0.00011535069601460606,
                0.0001227833863587315,
                8.876213429334634e-05,
                0.00016717146458501296,
                0.00013336854263022068,
                0.0001243790498403687,
                0.00014278126818006252,
                5.422979861668223e-05,
                0.0001020635058006879,
                0.00017709745066789032,
                0.00016460615992217628,
                0.00015648529635099,
                0.00012619712719455639
            ],
            [
                0.00011669172595505933,
                8.784104860445414e-05,
                0.000105273639569901,
                8.08395065475093e-05,
                8.159942110700973e-05,
                0.00013712977688264366,
                0.00013435982217638691,
                0.00011342501910312969,
                0.00012839810770403685,
                6.052726575230251e-05,
                8.264999672926084e-05,
                9.957226747114792e-05,
                0.00011679349433910584,
                0.00021089282897789562,
                6.36710341820819e-05,
                0.00010718019898386579,
                8.724850344413523e-05,
                0.00011802836027146929,
                0.00012446219959700612,
                8.755805988865039e-05,
                8.982095931801393e-05,
                0.00011014974800062695,
                0.00010728672607727718,
                9.244085131093427e-05,
                0.00015091763207203092,
                0.0001315886172218916,
                0.00010682243522565393,
                0.00012461919260227895,
                4.799982374842214e-05,
                9.929243336972526e-05,
                0.00013819143978014494,
                0.000133031900783467,
                0.00013672571414063384,
                0.00011052243540671509
            ],
            [
                0.00010097778632169946,
                9.660272503851736e-05,
                9.441964307902982e-05,
                7.447891934902089e-05,
                8.467390706395663e-05,
                0.00010962817770985906,
                0.00012236500444156128,
                0.00012121702823860875,
                0.00010811397904501121,
                9.99513571040258e-05,
                8.705227168848534e-05,
                9.38449454220825e-05,
                7.542953923722957e-05,
                6.36710341820819e-05,
                0.0005200685722647018,
                9.23872931464396e-05,
                7.934178479806075e-05,
                0.0001156469861520002,
                9.044285467581646e-05,
                9.423602744823087e-05,
                8.351928479814714e-05,
                9.669396079740101e-05,
                0.00010349242758288323,
                8.377128507307876e-05,
                0.00016085513987761763,
                8.620921746502793e-05,
                0.00014074906612842196,
                9.820638518900206e-05,
                7.765167554694138e-05,
                0.00011376011964134393,
                0.0001274694710650323,
                0.00014357768942044048,
                0.00014985790163685235,
                7.405428796732954e-05
            ],
            [
                0.00018639845890853829,
                0.00013546908296322948,
                0.0001661837941988065,
                0.00011929851023874027,
                0.00015002505929122124,
                0.00016564918300646434,
                0.00020955954274932983,
                0.0001502375349620614,
                0.00019795243216037703,
                0.00011227550112472443,
                9.519373860413785e-05,
                0.00015320789299995543,
                0.0001216245639389653,
                0.00010718019898386579,
                9.23872931464396e-05,
                0.0007404683437977365,
                0.0001167434097282133,
                0.00023152893715978372,
                0.0001426699269242837,
                0.00013624871183087403,
                0.00015096687802600015,
                0.00015589626035873515,
                0.00020127267579010376,
                0.00012959498702968096,
                0.00025570311633694634,
                0.0001385957901492845,
                0.0001644151663300319,
                0.00016759604124061842,
                7.599842228831118e-05,
                0.00015752669332344898,
                0.0002175149296585214,
                0.00019372853693268045,
                0.00019912818238190322,
                0.0001434355262746078
            ],
            [
                0.0001058432117754811,
                9.418607145373042e-05,
                8.271918928868125e-05,
                0.0001065262868640821,
                9.521351045608548e-05,
                0.00012883492861718457,
                0.00011918317306449099,
                0.00010833081311261209,
                0.00010476551269399077,
                6.605449968108369e-05,
                9.081214537283132e-05,
                9.576157808899511e-05,
                8.75329405816225e-05,
                8.724850344413523e-05,
                7.934178479806075e-05,
                0.0001167434097282133,
                0.000362367780199818,
                0.00010640531234432339,
                0.00010576330936978134,
                9.603621952016284e-05,
                0.00010755646401955448,
                0.00010876092393963915,
                0.00012373674186555103,
                7.16082968130059e-05,
                0.00013166481347724285,
                0.00010322094648517281,
                0.0001562874372441513,
                0.0001011575993319237,
                6.114604787994084e-05,
                0.00010340990385038456,
                0.00012992251122535364,
                0.00015052896282457469,
                0.0001617092207708138,
                0.0001012574986829967
            ],
            [
                0.0002985175859570837,
                0.0002266631680078468,
                0.0003259544938817732,
                0.00012087415733135719,
                0.0002726438954845941,
                0.00018184792025273882,
                0.00033982892261697395,
                0.00030024335876033714,
                0.0002879072060126891,
                0.00023136773547541083,
                9.914153137546313e-05,
                0.0002296382650377603,
                0.00013371290569634447,
                0.00011802836027146929,
                0.0001156469861520002,
                0.00023152893715978372,
                0.00010640531234432339,
                0.0008708934653713362,
                0.0001468630712073311,
                0.00022995169659640336,
                0.00021359402785281953,
                0.0002428863496397917,
                0.000391320026964896,
                0.0002509957153974287,
                0.00034242471611384913,
                0.00015599119932072674,
                0.0001516371135637568,
                0.0002454279492914184,
                6.114006228452292e-05,
                0.00035388176558842833,
                0.00034364084174997656,
                0.0002116066457519516,
                0.00018047659842625668,
                0.00019851416299149913
            ],
            [
                0.00015728011814486798,
                0.00012120161669070628,
                0.00010304580894539078,
                0.0001016766032074436,
                0.00010584128594768162,
                0.00017067834489844504,
                0.00019589570939736666,
                0.00016200215427248347,
                0.0001789854359575874,
                8.115844232265715e-05,
                0.00010139979745759358,
                0.00012489401498458062,
                0.000151592159229699,
                0.00012446219959700612,
                9.044285467581646e-05,
                0.0001426699269242837,
                0.00010576330936978134,
                0.0001468630712073311,
                0.0002527814230892413,
                0.00011261238231624312,
                0.00012232662629147893,
                0.00015067839293706446,
                0.00013686487293876652,
                8.840742562628645e-05,
                0.0002280283677888688,
                0.00015363525983579822,
                0.00013499056084953208,
                0.00016048890291535812,
                6.970464899785209e-05,
                0.00012781711036002137,
                0.0001956476026096511,
                0.00020639950172854368,
                0.00020769074504333045,
                0.00014728568559433663
            ],
            [
                0.00015926515226006584,
                0.00015373254699229584,
                0.00014790982309953454,
                9.378878081711922e-05,
                0.00016905915485311665,
                0.00015452988492345245,
                0.00021059238324142138,
                0.0001831731640169031,
                0.00019612644868464862,
                0.00010274946935690225,
                6.187022908086048e-05,
                0.0001282279201892191,
                0.00010734753287650253,
                8.755805988865039e-05,
                9.423602744823087e-05,
                0.00013624871183087403,
                9.603621952016284e-05,
                0.00022995169659640336,
                0.00011261238231624312,
                0.00041147127947353807,
                0.00012614883045300234,
                0.00014457179798730275,
                0.000174720054157709,
                0.00013200079307318976,
                0.0002482592719549525,
                0.0001111976733479919,
                0.0001736822931089678,
                0.00016092800700003598,
                6.282677256368258e-05,
                0.0001634937207399829,
                0.00021195938552399788,
                0.00018281711009666127,
                0.0001767356366120866,
                0.00015854250948827358
            ],
            [
                0.00015601078675699754,
                0.00013603856587405817,
                0.00015332837693410198,
                0.00011064972365641248,
                0.00014075578326836033,
                0.00015203383031771873,
                0.00019923172893932979,
                0.00015986261178157972,
                0.00016573072097025472,
                0.0001023200205657736,
                8.279148093635872e-05,
                0.00012508951504879178,
                0.0001048731721979544,
                8.982095931801393e-05,
                8.351928479814714e-05,
                0.00015096687802600015,
                0.00010755646401955448,
                0.00021359402785281953,
                0.00012232662629147893,
                0.00012614883045300234,
                0.0004022543829380472,
                0.00013968920515593735,
                0.00017679056767481383,
                0.00012629929478568747,
                0.0002289505492956879,
                0.0001190281624147186,
                0.00012939411566176246,
                0.00015632799228759543,
                6.187576359639441e-05,
                0.00014738603890865787,
                0.0002051944877580559,
                0.0001656195633237782,
                0.00017428848534346446,
                0.0001417789079064225
            ],
            [
                0.00018350488805835805,
                0.00016284873921915905,
                0.00015187826657710854,
                0.00012661823232967075,
                0.00013739033325269436,
                0.0001730293173796276,
                0.00026020311006581093,
                0.00021160028975004432,
                0.0002627810990943923,
                0.00011889790392641321,
                7.100290450262351e-05,
                0.00014472642116018062,
                0.00011535069601460606,
                0.00011014974800062695,
                9.669396079740101e-05,
                0.00015589626035873515,
                0.00010876092393963915,
                0.0002428863496397917,
                0.00015067839293706446,
                0.00014457179798730275,
                0.00013968920515593735,
                0.0003951973816200731,
                0.00020920249923930183,
                0.00013392618221405952,
                0.000303630210754473,
                0.00013857975156947932,
                0.00015203064644377182,
                0.00019653448072420637,
                7.196460664788491e-05,
                0.00022344772936813627,
                0.00026557781215797257,
                0.00020379200882561087,
                0.00021830123096719487,
                0.00016904541008994312
            ],
            [
                0.00021447760180974608,
                0.00018150297356273794,
                0.00022743615819037076,
                0.00014562143151991387,
                0.00022217476101731446,
                0.00017709088302595292,
                0.00027262990018622855,
                0.00019529203606471877,
                0.0002580381224490732,
                0.00016223732705295514,
                5.808728155077602e-05,
                0.00018740971281163918,
                0.0001227833863587315,
                0.00010728672607727718,
                0.00010349242758288323,
                0.00020127267579010376,
                0.00012373674186555103,
                0.000391320026964896,
                0.00013686487293876652,
                0.000174720054157709,
                0.00017679056767481383,
                0.00020920249923930183,
                0.0006097936122214967,
                0.00020469528219724565,
                0.00034543788433632957,
                0.0001389690075326362,
                0.00018349034920096095,
                0.00020092754872586113,
                7.709687272868235e-05,
                0.00022016119655706408,
                0.00027616660974953444,
                0.00022147700134882232,
                0.00026242637259635466,
                0.00016796759277361723
            ],
            [
                0.00016505606532634675,
                0.00012744421327029337,
                0.00015756592745075134,
                7.346700736010269e-05,
                0.00015430506589686236,
                0.00010527381186326725,
                0.00017709414719720083,
                0.0001598981491945797,
                0.0001575659898344801,
                0.00012084799577609087,
                6.540351908352109e-05,
                0.00017994467634919372,
                8.876213429334634e-05,
                9.244085131093427e-05,
                8.377128507307876e-05,
                0.00012959498702968096,
                7.16082968130059e-05,
                0.0002509957153974287,
                8.840742562628645e-05,
                0.00013200079307318976,
                0.00012629929478568747,
                0.00013392618221405952,
                0.00020469528219724565,
                0.00029597931898579533,
                0.00018119307079008903,
                0.00010768835337764648,
                8.29082869913927e-05,
                0.00014469626729918784,
                4.073386572560573e-05,
                0.00020281101550787838,
                0.0001828937058346758,
                9.448389150543826e-05,
                8.700011898938333e-05,
                0.0001222482755700584
            ],
            [
                0.0003146027566795579,
                0.0004029838775904725,
                0.00020482024887857932,
                0.00017352479776286533,
                0.00019717033580265327,
                0.00030454314765045436,
                0.00039969955738062445,
                0.0003026260979613742,
                0.0003218552635978888,
                0.00022286931455755952,
                8.500837544339786e-05,
                0.00022749600271431647,
                0.00016717146458501296,
                0.00015091763207203092,
                0.00016085513987761763,
                0.00025570311633694634,
                0.00013166481347724285,
                0.00034242471611384913,
                0.0002280283677888688,
                0.0002482592719549525,
                0.0002289505492956879,
                0.000303630210754473,
                0.00034543788433632957,
                0.00018119307079008903,
                0.0009037597652958319,
                0.00022263022690634642,
                0.0002682233929458215,
                0.0003657999917361492,
                0.00011708916223796041,
                0.0003243332139406737,
                0.0004172982457706146,
                0.0003616497856631229,
                0.00034251236212036896,
                0.00024140010777131546
            ],
            [
                0.0001513181748868079,
                0.0001162710243256928,
                0.00012585350047692058,
                0.00010151381557717227,
                0.00010892347642581125,
                0.00015988063226075308,
                0.00018164911915626134,
                0.0001495762880883871,
                0.00017858877372415333,
                7.808898741408939e-05,
                8.537603777070612e-05,
                0.00013172982745210016,
                0.00013336854263022068,
                0.0001315886172218916,
                8.620921746502793e-05,
                0.0001385957901492845,
                0.00010322094648517281,
                0.00015599119932072674,
                0.00015363525983579822,
                0.0001111976733479919,
                0.0001190281624147186,
                0.00013857975156947932,
                0.0001389690075326362,
                0.00010768835337764648,
                0.00022263022690634642,
                0.0002831771472689887,
                0.0001480591882320788,
                0.00016116802604922162,
                6.578088113827044e-05,
                0.0001329234403020071,
                0.00018699556647855888,
                0.00017629087575077825,
                0.0001732045698039373,
                0.00014637972793597734
            ],
            [
                0.0001661759484720668,
                0.00016315545420695629,
                8.985544563359213e-05,
                0.0001744348023403564,
                0.00012993536818229533,
                0.0001846126522350128,
                0.00020980420888577533,
                0.0001566960486065383,
                0.00019925594766259959,
                0.00011867879596103069,
                0.0001796694889482826,
                0.0001539374007508157,
                0.0001243790498403687,
                0.00010682243522565393,
                0.00014074906612842196,
                0.0001644151663300319,
                0.0001562874372441513,
                0.0001516371135637568,
                0.00013499056084953208,
                0.0001736822931089678,
                0.00012939411566176246,
                0.00015203064644377182,
                0.00018349034920096095,
                8.29082869913927e-05,
                0.0002682233929458215,
                0.0001480591882320788,
                0.0010188344386596584,
                0.00016477505745560528,
                0.00012339949768758445,
                0.000157223366032013,
                0.00022748334001660805,
                0.00023568162960052694,
                0.0003090266481878055,
                0.00016692275136666302
            ],
            [
                0.00020992380597536798,
                0.00018088715037657606,
                0.00014955588413227553,
                0.0001194771381749134,
                0.00015252375047411713,
                0.00016718053028445695,
                0.0002741167808776986,
                0.0001995951027113847,
                0.00025686920408077513,
                0.00012186129053391496,
                5.922710287718186e-05,
                0.0001580882082028483,
