{
    "data": {
        "yields": [
            -0.10506137668393012,
            -0.0009595267453568604,
            1.1982886300226187e-05,
            -0.007528532613969767,
            -0.004401624532696271,
            0.004126642976203675,
            -0.00037420999292450853,
            0.03469459902490002,
            -0.014887254915547697,
            -0.012734137346874261,
            -0.014382306199546516,
            0.0015593213636531035,
            -0.01196509626033098,
            -0.0033846590813877853,
            -0.017999007219944324,
            0.0008353818228081654,
            0.02235590497588503,
            0.0019230863559430832,
            0.011878440610970936,
            0.0063116737062304945,
            0.002138956445472993,
            -0.04637994523302403,
            -0.052075615301348084,
            -0.0006320386048831042
        ],
        "covariances": [
            [
                0.02860650386369882,
                1.6517919914979093e-05,
                5.685491004711009e-06,
                0.0008465136190825907,
                6.509223049557753e-05,
                9.808457762688226e-05,
                -1.532261919537347e-05,
                0.0003275890421420622,
                5.785735120436103e-05,
                0.00011754671240984381,
                0.0001396261435641901,
                0.00014753726078668898,
                7.172000058697221e-05,
                0.0001534468724188741,
                -0.0007678904694543543,
                6.662250539919689e-05,
                0.0002007463258210215,
                3.10790251855753e-05,
                0.00021141141097259593,
                -2.5806355329377714e-06,
                0.0015176435592381488,
                0.0001360230071723624,
                0.0003922525939966678,
                0.00012856932340020327
            ],
            [
                1.6517919914979093e-05,
                2.6201030269302827e-05,
                1.8984996158400166e-06,
                6.21138837480067e-06,
                1.5085080091869972e-05,
                3.009620981991163e-05,
                -8.21654312203105e-06,
                -8.070711041324565e-06,
                -2.014989400468044e-06,
                1.7249733611447672e-05,
                5.577759607742202e-06,
                3.626930229222496e-06,
                1.02405405386552e-05,
                1.353736209812514e-05,
                1.1394151961856789e-05,
                9.198514910692052e-06,
                -1.4464927213723043e-05,
                3.403884643973312e-07,
                -2.4436225796851205e-05,
                5.76208507731138e-06,
                2.199883644805359e-05,
                2.4826266566390142e-05,
                2.270222150030478e-05,
                1.6380553978482556e-06
            ],
            [
                5.685491004711009e-06,
                1.8984996158400166e-06,
                9.88089679288433e-06,
                3.670041430052254e-06,
                2.4196957809522504e-06,
                1.28828767524055e-06,
                8.258480541321446e-06,
                -7.646958999538468e-06,
                -4.000462814863384e-06,
                -2.7932164221906937e-06,
                -2.6793116101434953e-06,
                -3.389516612196631e-06,
                3.0057917659536356e-06,
                -1.1269498543247676e-06,
                -2.863779441743925e-07,
                -1.4323258391252892e-06,
                5.9702497844953e-06,
                4.369294092915919e-08,
                1.033219372583121e-05,
                4.5395227320226405e-06,
                8.370114350572119e-06,
                6.145373298587607e-06,
                -8.985576430795628e-06,
                -1.0507642425368832e-05
            ],
            [
                0.0008465136190825907,
                6.21138837480067e-06,
                3.670041430052254e-06,
                0.0034934155314484457,
                0.00010433333964551758,
                0.00023253987982965057,
                9.558643647699082e-05,
                0.00027571935113886333,
                6.201416300760346e-05,
                8.793321011575399e-05,
                1.4268067586756204e-05,
                0.00020567543380524834,
                9.365731368674462e-05,
                0.0001154337865769993,
                0.0007399113951922212,
                0.00016643597991517273,
                0.0004980898132086758,
                3.0059361792750775e-05,
                0.0015311806782636254,
                0.00018546290434629767,
                0.00040473788943471827,
                0.0003446568691942094,
                0.0009149764771230538,
                0.00017782828324251337
            ],
            [
                6.509223049557753e-05,
                1.5085080091869972e-05,
                2.4196957809522504e-06,
                0.00010433333964551758,
                0.0001688560883053178,
                0.00014092017704749748,
                5.224312179685697e-05,
                0.0001556281261192935,
                9.355869787576293e-05,
                0.00010721222042451302,
                7.171506877845683e-05,
                0.0001278000428171386,
                0.00010793014378649045,
                0.00010725409633412381,
                0.00023515574794877954,
                0.000110385490587331,
                0.00014512808831256444,
                4.141157393326297e-06,
                7.966390731654348e-05,
                0.00010799882491535413,
                0.00022833456663612942,
                0.00018978117939846882,
                0.00027364290738290676,
                8.142156355388499e-05
            ],
            [
                9.808457762688226e-05,
                3.009620981991163e-05,
                1.28828767524055e-06,
                0.00023253987982965057,
                0.00014092017704749748,
                0.0018284565625423866,
                2.5882034060403394e-05,
                0.00027317070014642764,
                0.0003359584294357061,
                0.0002560419360358851,
                0.00013653978189559612,
                0.00047602131850617453,
                0.00026596840398298405,
                0.0005898298094230754,
                0.0003875700392731325,
                0.00016416888308889586,
                0.0002456610402343004,
                9.894800110520851e-06,
                5.2358842166410525e-05,
                0.00031019024108622716,
                0.0005790489595533623,
                0.0004455009241369288,
                0.0007002420860526033,
                8.714907739089113e-05
            ],
            [
                -1.532261919537347e-05,
                -8.21654312203105e-06,
                8.258480541321446e-06,
                9.558643647699082e-05,
                5.224312179685697e-05,
                2.5882034060403394e-05,
                0.002745014182456699,
                9.874199543309718e-05,
                1.2629436337754308e-05,
                5.249755140921957e-05,
                7.135798812398142e-07,
                -1.0256366380911325e-05,
                5.733542233103418e-05,
                8.167829684337706e-06,
                0.00015824231822288054,
                0.0002236470516185221,
                0.00011099747737837019,
                2.9552085152960906e-05,
                1.0232807453505352e-05,
                3.333515777949292e-05,
                0.00022298320266203036,
                0.00013308341461582774,
                0.00027159217272957204,
                3.8525849769785505e-05
            ],
            [
                0.0003275890421420622,
                -8.070711041324565e-06,
                -7.646958999538468e-06,
                0.00027571935113886333,
                0.0001556281261192935,
                0.00027317070014642764,
                9.874199543309718e-05,
                0.0020191126992276246,
                0.0001958956176347399,
                0.00019668583981572688,
                9.618294746439922e-05,
                0.0002452584162643002,
                0.00016438883919491127,
                0.00020533477444627203,
                0.0006383664808571359,
                0.00022732196767521437,
                0.00037723612272214547,
                1.408004392603886e-05,
                0.00013583948331117007,
                0.00023378963652733527,
                0.0003775252294621801,
                0.0003707088003903759,
                0.000831116763664249,
                0.00015550108455709912
            ],
            [
                5.785735120436103e-05,
                -2.014989400468044e-06,
                -4.000462814863384e-06,
                6.201416300760346e-05,
                9.355869787576293e-05,
                0.0003359584294357061,
                1.2629436337754308e-05,
                0.0001958956176347399,
                0.0009675550882603484,
                0.0001373021119809191,
                5.1527761970623326e-05,
                0.00031068212444291404,
                0.00019142366806789666,
                0.00024733480325647873,
                0.00015606074428880674,
                8.600694440005756e-05,
                9.003074206732057e-05,
                6.0291377727687745e-06,
                0.00011549082569903083,
                0.00016701370171541384,
                0.0001500118944003499,
                0.00019691453280421936,
                0.00029516123539266066,
                6.218325999670502e-05
            ],
            [
                0.00011754671240984381,
                1.7249733611447672e-05,
                -2.7932164221906937e-06,
                8.793321011575399e-05,
                0.00010721222042451302,
                0.0002560419360358851,
                5.249755140921957e-05,
                0.00019668583981572688,
                0.0001373021119809191,
                0.0008010369983422431,
                3.985662372276872e-05,
                0.00021771692283719876,
                0.00017810327980725951,
                0.00015787173358357105,
                0.00022841213069642763,
                0.00015517790832971507,
                0.00013798503630177376,
                2.8463558088226454e-06,
                0.00017894065491845287,
                0.00015259987046956596,
                0.0002858780310871343,
                0.00025956328102737724,
                0.0004129755110498374,
                7.758003080960267e-05
            ],
            [
                0.0001396261435641901,
                5.577759607742202e-06,
                -2.6793116101434953e-06,
                1.4268067586756204e-05,
                7.171506877845683e-05,
                0.00013653978189559612,
                7.135798812398142e-07,
                9.618294746439922e-05,
                5.1527761970623326e-05,
                3.985662372276872e-05,
                0.0036855152266249886,
                9.558033764701511e-05,
                8.190738846667747e-05,
                7.754643914261682e-05,
                7.60295021889367e-05,
                0.00014514129720952554,
                6.649414756951126e-05,
                1.5574103928907374e-05,
                -1.5259946861469447e-05,
                1.5976952373510032e-05,
                9.123833471385717e-05,
                0.00023566823274513918,
                0.00022054450798828564,
                2.9852177176653223e-05
            ],
            [
                0.00014753726078668898,
                3.626930229222496e-06,
                -3.389516612196631e-06,
                0.00020567543380524834,
                0.0001278000428171386,
                0.00047602131850617453,
                -1.0256366380911325e-05,
                0.0002452584162643002,
                0.00031068212444291404,
                0.00021771692283719876,
                9.558033764701511e-05,
                0.0009929638353082298,
                0.00027136104952556005,
                0.0003984570718469661,
                0.00018685599263065412,
                0.00010021782682041821,
                0.000222152969939581,
                1.1722574713392679e-05,
                0.00017318396836446718,
                0.00027487840225665306,
                0.00022280276762213778,
                0.00015761527952390646,
                0.00033353726057245057,
                9.803905406852806e-05
            ],
            [
                7.172000058697221e-05,
                1.02405405386552e-05,
                3.0057917659536356e-06,
                9.365731368674462e-05,
                0.00010793014378649045,
                0.00026596840398298405,
                5.733542233103418e-05,
                0.00016438883919491127,
                0.00019142366806789666,
                0.00017810327980725951,
                8.190738846667747e-05,
                0.00027136104952556005,
                0.00026516151415697815,
                0.000256276927519196,
                0.00023048047759895176,
                0.00010767926297591125,
                0.0001639132614188901,
                3.1023448633753984e-06,
                0.00010806918343386117,
                0.0001870848576293501,
                0.00022434098997388006,
                0.0002334189164435798,
                0.000315912759744842,
                8.168962416070382e-05
            ],
            [
                0.0001534468724188741,
                1.353736209812514e-05,
                -1.1269498543247676e-06,
                0.0001154337865769993,
                0.00010725409633412381,
                0.0005898298094230754,
                8.167829684337706e-06,
                0.00020533477444627203,
                0.00024733480325647873,
                0.00015787173358357105,
                7.754643914261682e-05,
                0.0003984570718469661,
                0.000256276927519196,
                0.0008026047783065325,
                0.00011379286356665307,
                3.43891989042913e-05,
                0.00010143129983108739,
                3.42289811794006e-06,
                4.832673668037257e-05,
                0.00019006939155619612,
                0.00020726248898011017,
                0.0001734809542928688,
                0.00031030374501281284,
                6.563672275346779e-05
            ],
            [
                -0.0007678904694543543,
                1.1394151961856789e-05,
                -2.863779441743925e-07,
                0.0007399113951922212,
                0.00023515574794877954,
                0.0003875700392731325,
                0.00015824231822288054,
                0.0006383664808571359,
                0.00015606074428880674,
                0.00022841213069642763,
                7.60295021889367e-05,
                0.00018685599263065412,
                0.00023048047759895176,
                0.00011379286356665307,
                0.002547517302872373,
                0.0002665276356844534,
                0.000619744348676326,
                1.5913760045426798e-05,
                0.000306521468182377,
                0.0003833279479576529,
                0.0005254510244694471,
                0.0006276126860988732,
                0.001033992599895136,
                0.00045127475996442043
            ],
            [
                6.662250539919689e-05,
                9.198514910692052e-06,
                -1.4323258391252892e-06,
                0.00016643597991517273,
                0.000110385490587331,
                0.00016416888308889586,
                0.0002236470516185221,
                0.00022732196767521437,
                8.600694440005756e-05,
                0.00015517790832971507,
                0.00014514129720952554,
                0.00010021782682041821,
                0.00010767926297591125,
                3.43891989042913e-05,
                0.0002665276356844534,
                0.00056731938927048,
                0.0002619363351274086,
                5.714146481940831e-06,
                0.00011633010658431358,
                0.00022153254775196573,
                0.0002511866858039127,
                0.0001788792826656268,
                0.00042327478084123744,
                0.00021843327902033898
            ],
            [
                0.0002007463258210215,
                -1.4464927213723043e-05,
                5.9702497844953e-06,
                0.0004980898132086758,
                0.00014512808831256444,
                0.0002456610402343004,
                0.00011099747737837019,
                0.00037723612272214547,
                9.003074206732057e-05,
                0.00013798503630177376,
                6.649414756951126e-05,
                0.000222152969939581,
                0.0001639132614188901,
                0.00010143129983108739,
                0.000619744348676326,
                0.0002619363351274086,
                0.004907645182544541,
                1.79807002393904e-05,
                0.00021151947682101815,
                0.00028188862720172144,
                0.0004424660235958605,
                0.0006864178249689405,
                0.0009586605832515789,
                0.0001775565044669478
            ],
            [
                3.10790251855753e-05,
                3.403884643973312e-07,
                4.369294092915919e-08,
                3.0059361792750775e-05,
                4.141157393326297e-06,
                9.894800110520851e-06,
                2.9552085152960906e-05,
                1.408004392603886e-05,
                6.0291377727687745e-06,
                2.8463558088226454e-06,
                1.5574103928907374e-05,
                1.1722574713392679e-05,
                3.1023448633753984e-06,
                3.42289811794006e-06,
                1.5913760045426798e-05,
                5.714146481940831e-06,
                1.79807002393904e-05,
                1.0106219037891963e-05,
                1.0086180778419203e-05,
                1.0833870628980145e-05,
                8.256691456477482e-06,
                6.799088726015618e-06,
                1.2913023517879899e-05,
                7.024578780436187e-06
            ],
            [
                0.00021141141097259593,
                -2.4436225796851205e-05,
                1.033219372583121e-05,
                0.0015311806782636254,
                7.966390731654348e-05,
                5.2358842166410525e-05,
                1.0232807453505352e-05,
                0.00013583948331117007,
                0.00011549082569903083,
                0.00017894065491845287,
                -1.5259946861469447e-05,
                0.00017318396836446718,
                0.00010806918343386117,
                4.832673668037257e-05,
                0.000306521468182377,
                0.00011633010658431358,
                0.00021151947682101815,
                1.0086180778419203e-05,
                0.00672093662338079,
                0.00027309475159771835,
                0.0002575016261845094,
                0.00025736992644166413,
                0.0004436474435068698,
                0.00016382114136661335
            ],
            [
                -2.5806355329377714e-06,
                5.76208507731138e-06,
                4.5395227320226405e-06,
                0.00018546290434629767,
                0.00010799882491535413,
                0.00031019024108622716,
                3.333515777949292e-05,
                0.00023378963652733527,
                0.00016701370171541384,
                0.00015259987046956596,
                1.5976952373510032e-05,
                0.00027487840225665306,
                0.0001870848576293501,
                0.00019006939155619612,
                0.0003833279479576529,
                0.00022153254775196573,
                0.00028188862720172144,
                1.0833870628980145e-05,
                0.00027309475159771835,
                0.0017715726562044037,
                0.0003699884033192229,
                0.0004953457415783161,
                0.0006753399541820497,
                0.00010874980437789093
            ],
            [
                0.0015176435592381488,
                2.199883644805359e-05,
                8.370114350572119e-06,
                0.00040473788943471827,
                0.00022833456663612942,
                0.0005790489595533623,
                0.00022298320266203036,
                0.0003775252294621801,
                0.0001500118944003499,
                0.0002858780310871343,
                9.123833471385717e-05,
                0.00022280276762213778,
                0.00022434098997388006,
                0.00020726248898011017,
                0.0005254510244694471,
                0.0002511866858039127,
                0.0004424660235958605,
                8.256691456477482e-06,
                0.0002575016261845094,
                0.0003699884033192229,
                0.0013229029754192514,
                0.00047507424711884847,
                0.0008299974206652207,
                0.00041536080956326076
            ],
            [
                0.0001360230071723624,
                2.4826266566390142e-05,
                6.145373298587607e-06,
                0.0003446568691942094,
                0.00018978117939846882,
                0.0004455009241369288,
                0.00013308341461582774,
                0.0003707088003903759,
                0.00019691453280421936,
                0.00025956328102737724,
                0.00023566823274513918,
                0.00015761527952390646,
                0.0002334189164435798,
                0.0001734809542928688,
                0.0006276126860988732,
                0.0001788792826656268,
                0.0006864178249689405,
                6.799088726015618e-06,
                0.00025736992644166413,
                0.0004953457415783161,
                0.00047507424711884847,
                0.0023000874673819536,
                0.0007429497984780124,
                0.00044108405069420654
            ],
            [
                0.0003922525939966678,
                2.270222150030478e-05,
                -8.985576430795628e-06,
                0.0009149764771230538,
                0.00027364290738290676,
                0.0007002420860526033,
                0.00027159217272957204,
                0.000831116763664249,
                0.00029516123539266066,
                0.0004129755110498374,
                0.00022054450798828564,
                0.00033353726057245057,
                0.000315912759744842,
                0.00031030374501281284,
                0.001033992599895136,
                0.00042327478084123744,
                0.0009586605832515789,
                1.2913023517879899e-05,
                0.0004436474435068698,
                0.0006753399541820497,
                0.0008299974206652207,
                0.0007429497984780124,
                0.00370929273566338,
                0.0006990248558926745
            ],
            [
                0.00012856932340020327,
                1.6380553978482556e-06,
                -1.0507642425368832e-05,
                0.00017782828324251337,
                8.142156355388499e-05,
                8.714907739089113e-05,
                3.8525849769785505e-05,
                0.00015550108455709912,
                6.218325999670502e-05,
                7.758003080960267e-05,
                2.9852177176653223e-05,
                9.803905406852806e-05,
                8.168962416070382e-05,
                6.563672275346779e-05,
                0.00045127475996442043,
                0.00021843327902033898,
                0.0001775565044669478,
                7.024578780436187e-06,
                0.00016382114136661335,
                0.00010874980437789093,
                0.00041536080956326076,
                0.00044108405069420654,
                0.0006990248558926745,
                0.0006506958477145024
            ]
        ],
        "budget": 10000000,
        "prices": [
            2.2200000286102295,
            9.890000343322754,
            9.960000038146973,
            13.260000228881836,
            48.689998626708984,
            13.220000267028809,
            2.9800000190734863,
            2.1500000953674316,
            55.119998931884766,
            154.52999877929688,
            5.019999980926514,
            99.94999694824219,
            64.86000061035156,
            45.099998474121094,
            10.460000038146973,
            14.130000114440918,
            3.7300000190734863,
            9.885000228881836,
            2.299999952316284,
            263.8900146484375,
            113.69999694824219,
            6.079999923706055,
            3.559999942779541,
            10.40999984741211
        ],
        "tickers": [
            "AACG",
            "AACI",
            "AACIU",
            "AADI",
            "AADR",
            "AAL",
            "AAME",
            "AAOI",
            "AAON",
            "AAPL",
            "AATC",
            "AAWW",
            "AAXJ",
            "ABCB",
            "ABCL",
            "ABCM",
            "ABEO",
            "ABGI",
            "ABIO",
            "ABMD",
            "ABNB",
            "ABOS",
            "ABSI",
            "ABST"
        ]
    },
    "extra_arguments": {
        "risk_acceptance_level": 0.2,
        "adjusted_solution": false,
        "show_time": true,
        "max_number_of_assets": 10,
        "max_weight_per_asset": 0.2
    }
}