{
 "cells": [
  {
   "cell_type": "markdown",
   "metadata": {},
   "source": [
    "# Portfolio Optimization"
   ]
  },
  {
   "cell_type": "markdown",
   "metadata": {},
   "source": [
    "Easiest example on how to use the Qapitan Platform with the Portfolio Optimization solver.\n",
    "In this example we send a list of assets and their covariance matrix, as well as the budget we have, and the solver will provide us with the most efficient portfolio with the available solvers in the platform.\n",
    "This problem can be used as well for asset allocation."
   ]
  },
  {
   "cell_type": "code",
   "execution_count": 1,
   "metadata": {},
   "outputs": [],
   "source": [
    "from Qcentroid_SDK import Qcentroid_SDK \n",
    "import time\n",
    "from IPython.display import display, clear_output"
   ]
  },
  {
   "cell_type": "code",
   "execution_count": 2,
   "metadata": {},
   "outputs": [],
   "source": [
    "# Get your private endpoint and credentials from our team - info@qcentroid.xyz\n",
    "QCENTROID_PUBLIC_API = \"https://api.qcentroid.xyz\"\n",
    "PAYLOAD_USER = {\"username\": \"...\", \"password\": \"...\"}"
   ]
  },
  {
   "cell_type": "code",
   "execution_count": 9,
   "metadata": {},
   "outputs": [
    {
     "name": "stdout",
     "output_type": "stream",
     "text": [
      "[*********************100%***********************]  27 of 27 completed\n"
     ]
    }
   ],
   "source": [
    "import Parallel\n",
    "import numpy as np\n",
    "cryptos=['BTC-USD','ETH-USD','USDT-USD','USDC-USD','BNB-USD','XRP-USD','ADA-USD','SOL-USD','DOGE-USD','DOT-USD','MATIC-USD','DAI-USD','HEX-USD','SHIB-USD','TRX-USD','AVAX-USD','UNI1-USD','ETC-USD','LTC-USD','FTT-USD','ATOM-USD','LINK-USD','CRO-USD','XMR-USD','XLM-USD','BCH-USD','FLOW-USD']\n",
    "#cryptos=['BTC-USD','ETH-USD','USDT-USD','USDC-USD','BNB-USD']\n",
    "alpha=0.95\n",
    "date='2022-09-01'\n",
    "budget=10000000\n",
    "def generateJSONLive(assets,date,budget,alpha):\n",
    "    parquet=Parallel.descargar(assets,None)\n",
    "    rends=Parallel.rends(parquet,None)\n",
    "    #rends.replace(np.inf, np.nan)\n",
    "    rends.replace([np.inf, -np.inf], np.nan, inplace=True)\n",
    "    cov=Parallel.cov(rends,None)\n",
    "    ewm=Parallel.EWM(rends,None,alpha)\n",
    "    data={}\n",
    "    data[\"rends\"]=list(np.array(ewm.loc[[date]])[0])\n",
    "    data[\"current\"]=list(np.zeros(len(data['rends'])))\n",
    "    data[\"cost\"]=list(np.zeros(len(data['rends'])))\n",
    "    data[\"cov\"]=cov.values.tolist()\n",
    "    data[\"budget\"]=budget\n",
    "    data[\"prices\"]=list(np.array(parquet.loc[[date]])[0])\n",
    "    data[\"tickers\"]=list(ewm.columns)\n",
    "    d={}\n",
    "    d[\"data\"]=data\n",
    "    return d\n",
    "PAYLOAD = generateJSONLive(cryptos,date,budget,alpha)"
   ]
  },
  {
   "cell_type": "code",
   "execution_count": 11,
   "metadata": {},
   "outputs": [
    {
     "name": "stdout",
     "output_type": "stream",
     "text": [
      "{'username': 'sergio@qapitan.com', 'password': 'qapitan'}\n"
     ]
    }
   ],
   "source": [
    "qcentroid_api = Qcentroid_SDK(QCENTROID_PUBLIC_API, PAYLOAD_USER)"
   ]
  },
  {
   "cell_type": "code",
   "execution_count": 12,
   "metadata": {},
   "outputs": [],
   "source": [
    "header = qcentroid_api.login()"
   ]
  },
  {
   "cell_type": "code",
   "execution_count": 13,
   "metadata": {},
   "outputs": [
    {
     "name": "stdout",
     "output_type": "stream",
     "text": [
      "{'Authorization': 'Bearer eyJ0eXAiOiJKV1QiLCJhbGciOiJIUzI1NiJ9.eyJ1c2VyX2VtYWlsIjoic2VyZ2lvQHFhcGl0YW4uY29tIiwiZXhwIjoxNjYyMzEzNzQ1fQ.yyceI6A5Tw9WNABtlHyAOrQLv84RfkM5VTqS4glg_Jg'}\n"
     ]
    }
   ],
   "source": [
    "print(header)"
   ]
  },
  {
   "cell_type": "code",
   "execution_count": 14,
   "metadata": {},
   "outputs": [
    {
     "name": "stdout",
     "output_type": "stream",
     "text": [
      "{'detail': 'Authorized. Processing file', 'job': 'UKBXKHN2BJ1Z'}\n"
     ]
    }
   ],
   "source": [
    "response_json = qcentroid_api.execute(header=header, problem='portfolio-optimization-markovitz', payload=PAYLOAD)\n",
    "print(response_json)"
   ]
  },
  {
   "cell_type": "code",
   "execution_count": 15,
   "metadata": {},
   "outputs": [
    {
     "name": "stdout",
     "output_type": "stream",
     "text": [
      "Completed\n"
     ]
    },
    {
     "ename": "TypeError",
     "evalue": "string indices must be integers",
     "output_type": "error",
     "traceback": [
      "\u001b[0;31m---------------------------------------------------------------------------\u001b[0m",
      "\u001b[0;31mTypeError\u001b[0m                                 Traceback (most recent call last)",
      "\u001b[0;32m<ipython-input-15-0ab476c20150>\u001b[0m in \u001b[0;36m<module>\u001b[0;34m\u001b[0m\n\u001b[1;32m     14\u001b[0m \u001b[0;34m\u001b[0m\u001b[0m\n\u001b[1;32m     15\u001b[0m \u001b[0mprint\u001b[0m\u001b[0;34m(\u001b[0m\u001b[0;34m\"Completed\"\u001b[0m\u001b[0;34m)\u001b[0m\u001b[0;34m\u001b[0m\u001b[0;34m\u001b[0m\u001b[0m\n\u001b[0;32m---> 16\u001b[0;31m \u001b[0mqcentroid_api\u001b[0m\u001b[0;34m.\u001b[0m\u001b[0mget_best_result\u001b[0m\u001b[0;34m(\u001b[0m\u001b[0mheader\u001b[0m\u001b[0;34m,\u001b[0m \u001b[0mresponse_json\u001b[0m\u001b[0;34m[\u001b[0m\u001b[0;34m'job'\u001b[0m\u001b[0;34m]\u001b[0m\u001b[0;34m)\u001b[0m\u001b[0;34m\u001b[0m\u001b[0;34m\u001b[0m\u001b[0m\n\u001b[0m",
      "\u001b[0;32m~/code/qapitan/Qapitan_Public_Tutorials/portfolio_optimization/Qcentroid_SDK.py\u001b[0m in \u001b[0;36mget_best_result\u001b[0;34m(self, header, job_name)\u001b[0m\n\u001b[1;32m     48\u001b[0m         \u001b[0;32mif\u001b[0m\u001b[0;34m(\u001b[0m\u001b[0;34m'job'\u001b[0m \u001b[0;32min\u001b[0m \u001b[0mresult\u001b[0m\u001b[0;34m)\u001b[0m\u001b[0;34m:\u001b[0m\u001b[0;34m\u001b[0m\u001b[0;34m\u001b[0m\u001b[0m\n\u001b[1;32m     49\u001b[0m             \u001b[0;32mfor\u001b[0m \u001b[0mi\u001b[0m \u001b[0;32min\u001b[0m \u001b[0mresult\u001b[0m\u001b[0;34m[\u001b[0m\u001b[0;34m'job'\u001b[0m\u001b[0;34m]\u001b[0m\u001b[0;34m[\u001b[0m\u001b[0mjob_name\u001b[0m\u001b[0;34m]\u001b[0m\u001b[0;34m[\u001b[0m\u001b[0;34m'executions'\u001b[0m\u001b[0;34m]\u001b[0m\u001b[0;34m:\u001b[0m\u001b[0;34m\u001b[0m\u001b[0;34m\u001b[0m\u001b[0m\n\u001b[0;32m---> 50\u001b[0;31m                 \u001b[0;32mreturn\u001b[0m \u001b[0mresult\u001b[0m\u001b[0;34m[\u001b[0m\u001b[0;34m'job'\u001b[0m\u001b[0;34m]\u001b[0m\u001b[0;34m[\u001b[0m\u001b[0mjob_name\u001b[0m\u001b[0;34m]\u001b[0m\u001b[0;34m[\u001b[0m\u001b[0;34m'executions'\u001b[0m\u001b[0;34m]\u001b[0m\u001b[0;34m[\u001b[0m\u001b[0mi\u001b[0m\u001b[0;34m]\u001b[0m\u001b[0;34m[\u001b[0m\u001b[0;34m'result'\u001b[0m\u001b[0;34m]\u001b[0m\u001b[0;34m\u001b[0m\u001b[0;34m\u001b[0m\u001b[0m\n\u001b[0m\u001b[1;32m     51\u001b[0m         \u001b[0;32mreturn\u001b[0m \u001b[0;34m\"500\"\u001b[0m\u001b[0;34m\u001b[0m\u001b[0;34m\u001b[0m\u001b[0m\n",
      "\u001b[0;31mTypeError\u001b[0m: string indices must be integers"
     ]
    }
   ],
   "source": [
    "result = qcentroid_api.get_result(header=header, job_name=response_json['job'])\n",
    "job_id = response_json['job']\n",
    "\n",
    "while(job_id not in result['job'] or (result['job'][job_id]['status'] != 'FINISHED' and result['job'][job_id]['status'] != 'ERROR')):\n",
    "\tif(job_id in result['job']):\n",
    "\t\tdisplay(result['job'][job_id]['status'])\n",
    "\telse:\n",
    "\t\tdisplay('LOADING')\n",
    "\ttime.sleep(3)\n",
    "\tclear_output(wait=True)\n",
    "\tresult = qcentroid_api.get_result(header=header, job_name=response_json['job'])\n",
    "\n",
    "clear_output(wait=True)\n",
    "\n",
    "print(\"Completed\")\n",
    "qcentroid_api.get_best_result(header, response_json['job'])"
   ]
  },
  {
   "cell_type": "code",
   "execution_count": 16,
   "metadata": {},
   "outputs": [
    {
     "ename": "AttributeError",
     "evalue": "'str' object has no attribute 'items'",
     "output_type": "error",
     "traceback": [
      "\u001b[0;31m---------------------------------------------------------------------------\u001b[0m",
      "\u001b[0;31mAttributeError\u001b[0m                            Traceback (most recent call last)",
      "\u001b[0;32m<ipython-input-16-c1f066fb8861>\u001b[0m in \u001b[0;36m<module>\u001b[0;34m\u001b[0m\n\u001b[0;32m----> 1\u001b[0;31m \u001b[0;32mfor\u001b[0m \u001b[0mname\u001b[0m\u001b[0;34m,\u001b[0m \u001b[0mexecutor\u001b[0m \u001b[0;32min\u001b[0m \u001b[0mresult\u001b[0m\u001b[0;34m[\u001b[0m\u001b[0;34m'job'\u001b[0m\u001b[0;34m]\u001b[0m\u001b[0;34m[\u001b[0m\u001b[0mjob_id\u001b[0m\u001b[0;34m]\u001b[0m\u001b[0;34m[\u001b[0m\u001b[0;34m'executions'\u001b[0m\u001b[0;34m]\u001b[0m\u001b[0;34m.\u001b[0m\u001b[0mitems\u001b[0m\u001b[0;34m(\u001b[0m\u001b[0;34m)\u001b[0m\u001b[0;34m:\u001b[0m\u001b[0;34m\u001b[0m\u001b[0;34m\u001b[0m\u001b[0m\n\u001b[0m\u001b[1;32m      2\u001b[0m     \u001b[0mprint\u001b[0m\u001b[0;34m(\u001b[0m\u001b[0mname\u001b[0m\u001b[0;34m)\u001b[0m\u001b[0;34m\u001b[0m\u001b[0;34m\u001b[0m\u001b[0m\n\u001b[1;32m      3\u001b[0m     \u001b[0mprint\u001b[0m\u001b[0;34m(\u001b[0m\u001b[0mexecutor\u001b[0m\u001b[0;34m[\u001b[0m\u001b[0;34m'status'\u001b[0m\u001b[0;34m]\u001b[0m\u001b[0;34m)\u001b[0m\u001b[0;34m\u001b[0m\u001b[0;34m\u001b[0m\u001b[0m\n\u001b[1;32m      4\u001b[0m     \u001b[0mprint\u001b[0m\u001b[0;34m(\u001b[0m\u001b[0mexecutor\u001b[0m\u001b[0;34m[\u001b[0m\u001b[0;34m'started_at'\u001b[0m\u001b[0;34m]\u001b[0m\u001b[0;34m)\u001b[0m\u001b[0;34m\u001b[0m\u001b[0;34m\u001b[0m\u001b[0m\n\u001b[1;32m      5\u001b[0m     \u001b[0mprint\u001b[0m\u001b[0;34m(\u001b[0m\u001b[0mexecutor\u001b[0m\u001b[0;34m[\u001b[0m\u001b[0;34m'end_at'\u001b[0m\u001b[0;34m]\u001b[0m\u001b[0;34m)\u001b[0m\u001b[0;34m\u001b[0m\u001b[0;34m\u001b[0m\u001b[0m\n",
      "\u001b[0;31mAttributeError\u001b[0m: 'str' object has no attribute 'items'"
     ]
    }
   ],
   "source": [
    "for name, executor in result['job'][job_id]['executions'].items():\n",
    "    print(name)\n",
    "    print(executor['status'])\n",
    "    print(executor['started_at'])\n",
    "    print(executor['end_at'])\n",
    "    print(executor['result'])"
   ]
  },
  {
   "cell_type": "code",
   "execution_count": 17,
   "metadata": {},
   "outputs": [
    {
     "data": {
      "text/plain": [
       "{'data': {'rends': [-0.011374212215215932,\n",
       "   -0.00472862847868602,\n",
       "   -0.010628167495400435,\n",
       "   0.003794026246479879,\n",
       "   -0.008131494135672879,\n",
       "   0.010952672485709499,\n",
       "   0.00762176152933826,\n",
       "   0.00048526377053095224,\n",
       "   -0.004729152958103075,\n",
       "   0.0014661678030077647,\n",
       "   0.0015580981803362988,\n",
       "   0.017715457136940848,\n",
       "   0.029174960284068394,\n",
       "   0.003091222114849721,\n",
       "   -0.020682782383677406,\n",
       "   0.009708093926154718,\n",
       "   0.011939209056667196,\n",
       "   0.0198773471944808,\n",
       "   -4.466343608047708e-08,\n",
       "   0.00042570047252428185,\n",
       "   -0.018059182431416194,\n",
       "   -0.004493349115453698,\n",
       "   2.265311513324411e-05,\n",
       "   -5.938022165151953e-05,\n",
       "   0.015537369028574756,\n",
       "   0.0009774047301368612,\n",
       "   0.0019814928382662768],\n",
       "  'current': [0.0,\n",
       "   0.0,\n",
       "   0.0,\n",
       "   0.0,\n",
       "   0.0,\n",
       "   0.0,\n",
       "   0.0,\n",
       "   0.0,\n",
       "   0.0,\n",
       "   0.0,\n",
       "   0.0,\n",
       "   0.0,\n",
       "   0.0,\n",
       "   0.0,\n",
       "   0.0,\n",
       "   0.0,\n",
       "   0.0,\n",
       "   0.0,\n",
       "   0.0,\n",
       "   0.0,\n",
       "   0.0,\n",
       "   0.0,\n",
       "   0.0,\n",
       "   0.0,\n",
       "   0.0,\n",
       "   0.0,\n",
       "   0.0],\n",
       "  'cost': [0.0,\n",
       "   0.0,\n",
       "   0.0,\n",
       "   0.0,\n",
       "   0.0,\n",
       "   0.0,\n",
       "   0.0,\n",
       "   0.0,\n",
       "   0.0,\n",
       "   0.0,\n",
       "   0.0,\n",
       "   0.0,\n",
       "   0.0,\n",
       "   0.0,\n",
       "   0.0,\n",
       "   0.0,\n",
       "   0.0,\n",
       "   0.0,\n",
       "   0.0,\n",
       "   0.0,\n",
       "   0.0,\n",
       "   0.0,\n",
       "   0.0,\n",
       "   0.0,\n",
       "   0.0,\n",
       "   0.0,\n",
       "   0.0],\n",
       "  'cov': [[0.004741983937145453,\n",
       "    0.0024982819756003173,\n",
       "    0.0031542848116962565,\n",
       "    0.0026036501906969434,\n",
       "    0.002244573158586328,\n",
       "    0.0017262324637654796,\n",
       "    0.0017721549808846473,\n",
       "    6.686845383254947e-05,\n",
       "    0.0024241262821903878,\n",
       "    0.0027949084200079395,\n",
       "    0.002767876455238415,\n",
       "    0.002415401420732888,\n",
       "    0.0022337712302970634,\n",
       "    0.0016686808879089392,\n",
       "    0.0011727085625363113,\n",
       "    0.0027405476188239793,\n",
       "    0.0024784378562468117,\n",
       "    0.0029309776083466708,\n",
       "    0.0021631215399038795,\n",
       "    0.0022825975472953184,\n",
       "    0.0028064477498986407,\n",
       "    0.002647280932809141,\n",
       "    -1.9247019662331476e-05,\n",
       "    -1.550164917847579e-05,\n",
       "    0.0032381186152516178,\n",
       "    0.002388457589696345,\n",
       "    0.0028230579010064955],\n",
       "   [0.0024982819756003173,\n",
       "    0.005169216636152465,\n",
       "    0.0035442906194485075,\n",
       "    0.0024264711923191883,\n",
       "    0.002232532272284027,\n",
       "    0.0015839461559652083,\n",
       "    0.0020534171785740363,\n",
       "    4.819332043820056e-05,\n",
       "    0.0019922324357700746,\n",
       "    0.003447596094000622,\n",
       "    0.0024062248622205304,\n",
       "    0.002254163196586105,\n",
       "    0.0029285739951040355,\n",
       "    0.0018508666235562308,\n",
       "    0.0016786941564209457,\n",
       "    0.0028727946327991366,\n",
       "    0.0022956003593558707,\n",
       "    0.0031249485780750906,\n",
       "    0.002640542267430407,\n",
       "    0.0027146237445403376,\n",
       "    0.0021277527495996654,\n",
       "    0.003017562913193188,\n",
       "    -1.614066272330649e-05,\n",
       "    -9.638117743203415e-06,\n",
       "    0.0023385272883878344,\n",
       "    0.002206640386336594,\n",
       "    0.002153393655005686],\n",
       "   [0.0031542848116962565,\n",
       "    0.0035442906194485075,\n",
       "    0.006333515802151365,\n",
       "    0.002622267121791239,\n",
       "    0.0027688327724851324,\n",
       "    0.001704992825461966,\n",
       "    0.0026071411618103935,\n",
       "    1.5508301391170865e-05,\n",
       "    0.0026960201426368758,\n",
       "    0.003314122867388515,\n",
       "    0.0027721173239086275,\n",
       "    0.0024757072499058987,\n",
       "    0.002993787758403057,\n",
       "    0.0024612871478248994,\n",
       "    0.0018231944539339072,\n",
       "    0.0031893621041137322,\n",
       "    0.002548708718301684,\n",
       "    0.003847665921068729,\n",
       "    0.0027100676734177443,\n",
       "    0.0033639307074010707,\n",
       "    0.0021676027913545386,\n",
       "    0.002970606505321493,\n",
       "    2.668017539407983e-06,\n",
       "    6.636171623521756e-06,\n",
       "    0.0027608108404962046,\n",
       "    0.0021935201532479664,\n",
       "    0.0028481899845782975],\n",
       "   [0.0026036501906969434,\n",
       "    0.0024264711923191883,\n",
       "    0.002622267121791239,\n",
       "    0.004314914761924333,\n",
       "    0.002183863159727024,\n",
       "    0.0018261259064366402,\n",
       "    0.0019829542575274285,\n",
       "    6.0967830098720875e-05,\n",
       "    0.0023099614263439967,\n",
       "    0.0026582101564935445,\n",
       "    0.0030348899155785525,\n",
       "    0.002552391664334858,\n",
       "    0.002446869313443762,\n",
       "    0.0017079676170671182,\n",
       "    0.0013395418743140156,\n",
       "    0.002554654561336189,\n",
       "    0.0027188976442415295,\n",
       "    0.0027540746911229462,\n",
       "    0.002548386217755364,\n",
       "    0.0020069108540497907,\n",
       "    0.002528731863743834,\n",
       "    0.0024606964093233565,\n",
       "    -2.102444403733556e-05,\n",
       "    -1.0885642272035777e-05,\n",
       "    0.0024388339527613217,\n",
       "    0.00249090019088458,\n",
       "    0.0024936658663999556],\n",
       "   [0.002244573158586328,\n",
       "    0.002232532272284027,\n",
       "    0.0027688327724851324,\n",
       "    0.002183863159727024,\n",
       "    0.003595721806280281,\n",
       "    0.0016329713455905475,\n",
       "    0.0017028675556803065,\n",
       "    5.0043003001949866e-05,\n",
       "    0.001831668473412093,\n",
       "    0.002554131570125347,\n",
       "    0.0021409410889604054,\n",
       "    0.0020662869953933173,\n",
       "    0.0024869372001008845,\n",
       "    0.001905721119984655,\n",
       "    0.0010191151582068178,\n",
       "    0.002341280132153127,\n",
       "    0.002160597970843783,\n",
       "    0.0028261451965684,\n",
       "    0.002491971464650734,\n",
       "    0.002285385365809504,\n",
       "    0.002132901598446158,\n",
       "    0.0022801971404917292,\n",
       "    -1.8930354423441554e-05,\n",
       "    -1.3219882608911343e-05,\n",
       "    0.002085826255481494,\n",
       "    0.002091326342222647,\n",
       "    0.001972461204119669],\n",
       "   [0.0017262324637654796,\n",
       "    0.0015839461559652083,\n",
       "    0.001704992825461966,\n",
       "    0.0018261259064366402,\n",
       "    0.0016329713455905475,\n",
       "    0.0015207057079635994,\n",
       "    0.0014181383079156038,\n",
       "    4.943670342126681e-05,\n",
       "    0.0015800698564024781,\n",
       "    0.0017483645599653827,\n",
       "    0.0016804587034992627,\n",
       "    0.001673737930968425,\n",
       "    0.0016506175185111132,\n",
       "    0.001293512616518096,\n",
       "    0.0008358245226684231,\n",
       "    0.0016813780741114653,\n",
       "    0.0014981857885577833,\n",
       "    0.00183866761269326,\n",
       "    0.0020014595557059037,\n",
       "    0.0013031464160767573,\n",
       "    0.001753072834137624,\n",
       "    0.001617410832061709,\n",
       "    -1.4426957155644622e-05,\n",
       "    1.4669268470946421e-06,\n",
       "    0.0016185851485320474,\n",
       "    0.0016622570769136375,\n",
       "    0.0014654894318563818],\n",
       "   [0.0017721549808846473,\n",
       "    0.0020534171785740363,\n",
       "    0.0026071411618103935,\n",
       "    0.0019829542575274285,\n",
       "    0.0017028675556803065,\n",
       "    0.0014181383079156038,\n",
       "    0.00446505522901161,\n",
       "    4.282287225110724e-05,\n",
       "    0.0014903850647649025,\n",
       "    0.0024243611690897876,\n",
       "    0.0018176860638181617,\n",
       "    0.0017146032824867108,\n",
       "    0.0024273609648060163,\n",
       "    0.0015454788166988829,\n",
       "    0.0007736105764328563,\n",
       "    0.001961008853111464,\n",
       "    0.0017519719317893594,\n",
       "    0.0021750576902601496,\n",
       "    0.0021022939690472724,\n",
       "    0.0019621872413461998,\n",
       "    0.00159805419419355,\n",
       "    0.0022146467276263977,\n",
       "    -1.2148131436701512e-05,\n",
       "    -1.527838983791086e-05,\n",
       "    0.0017341605117371464,\n",
       "    0.001586826958852105,\n",
       "    0.0016762313707068962],\n",
       "   [6.686845383254947e-05,\n",
       "    4.819332043820056e-05,\n",
       "    1.5508301391170865e-05,\n",
       "    6.0967830098720875e-05,\n",
       "    5.0043003001949866e-05,\n",
       "    4.943670342126681e-05,\n",
       "    4.282287225110724e-05,\n",
       "    5.930672522907709e-05,\n",
       "    4.242552784635276e-05,\n",
       "    9.69104349221875e-06,\n",
       "    5.887215540224821e-05,\n",
       "    7.088847680335819e-05,\n",
       "    1.1154916565747232e-05,\n",
       "    5.3547751394384905e-05,\n",
       "    7.199796302987013e-05,\n",
       "    6.163398975551023e-05,\n",
       "    6.399730424817162e-05,\n",
       "    6.908426005006594e-05,\n",
       "    3.728751283369773e-05,\n",
       "    1.905674239553973e-05,\n",
       "    6.567826966629144e-05,\n",
       "    1.2554986015665465e-05,\n",
       "    6.450043163827142e-06,\n",
       "    1.3825305188588821e-06,\n",
       "    5.0624360965468875e-05,\n",
       "    5.746065900011007e-05,\n",
       "    5.027331908936228e-05],\n",
       "   [0.0024241262821903878,\n",
       "    0.0019922324357700746,\n",
       "    0.0026960201426368758,\n",
       "    0.0023099614263439967,\n",
       "    0.001831668473412093,\n",
       "    0.0015800698564024781,\n",
       "    0.0014903850647649025,\n",
       "    4.242552784635276e-05,\n",
       "    0.006289528397353692,\n",
       "    0.0024872496318482503,\n",
       "    0.0025217249683940715,\n",
       "    0.0019039016424411458,\n",
       "    0.001887022983020251,\n",
       "    0.0015914190802758187,\n",
       "    0.0011440692780755183,\n",
       "    0.0022146095907603154,\n",
       "    0.002178217251670939,\n",
       "    0.002021384313953133,\n",
       "    0.003217111582341804,\n",
       "    0.0018826380142679799,\n",
       "    0.002304277087936377,\n",
       "    0.0020093930071802637,\n",
       "    -8.861379723645482e-06,\n",
       "    -6.155116597756567e-06,\n",
       "    0.0023033954510449177,\n",
       "    0.0020151851756789506,\n",
       "    0.0020602993880995293],\n",
       "   [0.0027949084200079395,\n",
       "    0.003447596094000622,\n",
       "    0.003314122867388515,\n",
       "    0.0026582101564935445,\n",
       "    0.002554131570125347,\n",
       "    0.0017483645599653827,\n",
       "    0.0024243611690897876,\n",
       "    9.69104349221875e-06,\n",
       "    0.0024872496318482503,\n",
       "    0.004917793622364773,\n",
       "    0.002804554314947352,\n",
       "    0.002594243745735471,\n",
       "    0.002865525844670924,\n",
       "    0.0024333422660962425,\n",
       "    0.0016493564876407852,\n",
       "    0.003405528259022689,\n",
       "    0.002723120432838671,\n",
       "    0.00333957196856262,\n",
       "    0.0029832122771429608,\n",
       "    0.002983061089504885,\n",
       "    0.0023945234707807776,\n",
       "    0.003307911525837121,\n",
       "    -2.445890407067982e-06,\n",
       "    1.677966665121219e-06,\n",
       "    0.002550283876121938,\n",
       "    0.002310076606043511,\n",
       "    0.002554397217527156],\n",
       "   [0.002767876455238415,\n",
       "    0.0024062248622205304,\n",
       "    0.0027721173239086275,\n",
       "    0.0030348899155785525,\n",
       "    0.0021409410889604054,\n",
       "    0.0016804587034992627,\n",
       "    0.0018176860638181617,\n",
       "    5.887215540224821e-05,\n",
       "    0.0025217249683940715,\n",
       "    0.002804554314947352,\n",
       "    0.004114519627203854,\n",
       "    0.0024640780373996027,\n",
       "    0.0025917820936763995,\n",
       "    0.0017111367200098185,\n",
       "    0.0012362493861213552,\n",
       "    0.002546986860691998,\n",
       "    0.0025939778272041584,\n",
       "    0.0027158318168370443,\n",
       "    0.003071077273821778,\n",
       "    0.002191777421548261,\n",
       "    0.002528085905902748,\n",
       "    0.002689725937897483,\n",
       "    -1.8017663841362642e-05,\n",
       "    -1.4116037646525234e-05,\n",
       "    0.0025714043595476813,\n",
       "    0.0023692449133046745,\n",
       "    0.0024381104936875004],\n",
       "   [0.002415401420732888,\n",
       "    0.002254163196586105,\n",
       "    0.0024757072499058987,\n",
       "    0.002552391664334858,\n",
       "    0.0020662869953933173,\n",
       "    0.001673737930968425,\n",
       "    0.0017146032824867108,\n",
       "    7.088847680335819e-05,\n",
       "    0.0019039016424411458,\n",
       "    0.002594243745735471,\n",
       "    0.0024640780373996027,\n",
       "    0.002701823627439483,\n",
       "    0.0022383520954381126,\n",
       "    0.0017591929890084814,\n",
       "    0.0013029303520282352,\n",
       "    0.0024638421793016924,\n",
       "    0.0023963140975214576,\n",
       "    0.0026291917060129737,\n",
       "    0.002697852878408329,\n",
       "    0.0022364760711286883,\n",
       "    0.002294600927650533,\n",
       "    0.0025524669379326835,\n",
       "    -2.0779003169413376e-05,\n",
       "    -6.914408706165989e-06,\n",
       "    0.002195450129565161,\n",
       "    0.002126036433806443,\n",
       "    0.002168893016672001],\n",
       "   [0.0022337712302970634,\n",
       "    0.0029285739951040355,\n",
       "    0.002993787758403057,\n",
       "    0.002446869313443762,\n",
       "    0.0024869372001008845,\n",
       "    0.0016506175185111132,\n",
       "    0.0024273609648060163,\n",
       "    1.1154916565747232e-05,\n",
       "    0.001887022983020251,\n",
       "    0.002865525844670924,\n",
       "    0.0025917820936763995,\n",
       "    0.0022383520954381126,\n",
       "    0.005307236234908438,\n",
       "    0.00219515515651971,\n",
       "    0.0015454125432177814,\n",
       "    0.0028998197035316267,\n",
       "    0.0023658133185226384,\n",
       "    0.003021327091562675,\n",
       "    0.0025555588275862997,\n",
       "    0.0026716333923627418,\n",
       "    0.002243023778374818,\n",
       "    0.00301146772475109,\n",
       "    -1.1725507488795763e-07,\n",
       "    1.432748006834006e-06,\n",
       "    0.00232166815198533,\n",
       "    0.0021185791215018054,\n",
       "    0.0026960941186361317],\n",
       "   [0.0016686808879089392,\n",
       "    0.0018508666235562308,\n",
       "    0.0024612871478248994,\n",
       "    0.0017079676170671182,\n",
       "    0.001905721119984655,\n",
       "    0.001293512616518096,\n",
       "    0.0015454788166988829,\n",
       "    5.3547751394384905e-05,\n",
       "    0.0015914190802758187,\n",
       "    0.0024333422660962425,\n",
       "    0.0017111367200098185,\n",
       "    0.0017591929890084814,\n",
       "    0.00219515515651971,\n",
       "    0.0023763772826571185,\n",
       "    0.000969243477595141,\n",
       "    0.0019253478619930876,\n",
       "    0.0016892974482288561,\n",
       "    0.0022006159324661173,\n",
       "    0.00229106708550927,\n",
       "    0.0021856670974914547,\n",
       "    0.001485886537631468,\n",
       "    0.002243495230854819,\n",
       "    3.384459114887079e-06,\n",
       "    -7.154997297038224e-07,\n",
       "    0.001582198082533764,\n",
       "    0.0015084539826178882,\n",
       "    0.0015334931778135258],\n",
       "   [0.0011727085625363113,\n",
       "    0.0016786941564209457,\n",
       "    0.0018231944539339072,\n",
       "    0.0013395418743140156,\n",
       "    0.0010191151582068178,\n",
       "    0.0008358245226684231,\n",
       "    0.0007736105764328563,\n",
       "    7.199796302987013e-05,\n",
       "    0.0011440692780755183,\n",
       "    0.0016493564876407852,\n",
       "    0.0012362493861213552,\n",
       "    0.0013029303520282352,\n",
       "    0.0015454125432177814,\n",
       "    0.000969243477595141,\n",
       "    0.02335362147038442,\n",
       "    0.0013707886995408597,\n",
       "    0.0012139835437576488,\n",
       "    0.0015273825353502564,\n",
       "    0.0021709842851641895,\n",
       "    0.001799777255826326,\n",
       "    0.0006445225366006206,\n",
       "    0.0013906741287726453,\n",
       "    2.7686695516584632e-05,\n",
       "    4.53318449495257e-05,\n",
       "    0.0009210990356770443,\n",
       "    0.0010354372583055809,\n",
       "    0.0010835640297115362],\n",
       "   [0.0027405476188239793,\n",
       "    0.0028727946327991366,\n",
       "    0.0031893621041137322,\n",
       "    0.002554654561336189,\n",
       "    0.002341280132153127,\n",
       "    0.0016813780741114653,\n",
       "    0.001961008853111464,\n",
       "    6.163398975551023e-05,\n",
       "    0.0022146095907603154,\n",
       "    0.003405528259022689,\n",
       "    0.002546986860691998,\n",
       "    0.0024638421793016924,\n",
       "    0.0028998197035316267,\n",
       "    0.0019253478619930876,\n",
       "    0.0013707886995408597,\n",
       "    0.005202922765529624,\n",
       "    0.002358354918996984,\n",
       "    0.003182050729895445,\n",
       "    0.0027431161516047317,\n",
       "    0.0027952959341034306,\n",
       "    0.002593718045046756,\n",
       "    0.003103447766212588,\n",
       "    -1.8238483358547104e-05,\n",
       "    -2.295135027932285e-06,\n",
       "    0.0025585831572377264,\n",
       "    0.0022287316725227574,\n",
       "    0.0023847412284391835],\n",
       "   [0.0024784378562468117,\n",
       "    0.0022956003593558707,\n",
       "    0.002548708718301684,\n",
       "    0.0027188976442415295,\n",
       "    0.002160597970843783,\n",
       "    0.0014981857885577833,\n",
       "    0.0017519719317893594,\n",
       "    6.399730424817162e-05,\n",
       "    0.002178217251670939,\n",
       "    0.002723120432838671,\n",
       "    0.0025939778272041584,\n",
       "    0.0023963140975214576,\n",
       "    0.0023658133185226384,\n",
       "    0.0016892974482288561,\n",
       "    0.0012139835437576488,\n",
       "    0.002358354918996984,\n",
       "    0.0031675130612953783,\n",
       "    0.002599951081125581,\n",
       "    0.0028417413244668194,\n",
       "    0.0020757139556742137,\n",
       "    0.00232435441363627,\n",
       "    0.0025812775748299682,\n",
       "    -1.53708274834329e-05,\n",
       "    5.596223561869186e-06,\n",
       "    0.002299325599984239,\n",
       "    0.0022451446896792062,\n",
       "    0.0023022230358273796],\n",
       "   [0.0029309776083466708,\n",
       "    0.0031249485780750906,\n",
       "    0.003847665921068729,\n",
       "    0.0027540746911229462,\n",
       "    0.0028261451965684,\n",
       "    0.00183866761269326,\n",
       "    0.0021750576902601496,\n",
       "    6.908426005006594e-05,\n",
       "    0.002021384313953133,\n",
       "    0.00333957196856262,\n",
       "    0.0027158318168370443,\n",
       "    0.0026291917060129737,\n",
       "    0.003021327091562675,\n",
       "    0.0022006159324661173,\n",
       "    0.0015273825353502564,\n",
       "    0.003182050729895445,\n",
       "    0.002599951081125581,\n",
       "    0.0074900700363382386,\n",
       "    0.002594195810422837,\n",
       "    0.0029922963947353804,\n",
       "    0.00243595931297135,\n",
       "    0.00336891442074664,\n",
       "    -2.5791643370235343e-05,\n",
       "    -2.6629096629536897e-05,\n",
       "    0.0026504223281079427,\n",
       "    0.002363416318196235,\n",
       "    0.0024757596322193425],\n",
       "   [0.0021631215399038795,\n",
       "    0.002640542267430407,\n",
       "    0.0027100676734177443,\n",
       "    0.002548386217755364,\n",
       "    0.002491971464650734,\n",
       "    0.0020014595557059037,\n",
       "    0.0021022939690472724,\n",
       "    3.728751283369773e-05,\n",
       "    0.003217111582341804,\n",
       "    0.0029832122771429608,\n",
       "    0.003071077273821778,\n",
       "    0.002697852878408329,\n",
       "    0.0025555588275862997,\n",
       "    0.00229106708550927,\n",
       "    0.0021709842851641895,\n",
       "    0.0027431161516047317,\n",
       "    0.0028417413244668194,\n",
       "    0.002594195810422837,\n",
       "    0.02233132776983825,\n",
       "    0.0031332839299548026,\n",
       "    0.0019128182189798075,\n",
       "    0.002912134774064561,\n",
       "    1.176077847083129e-05,\n",
       "    1.6127687983963917e-05,\n",
       "    0.0025480406528025673,\n",
       "    0.002694846285555191,\n",
       "    0.002297237116996606],\n",
       "   [0.0022825975472953184,\n",
       "    0.0027146237445403376,\n",
       "    0.0033639307074010707,\n",
       "    0.0020069108540497907,\n",
       "    0.002285385365809504,\n",
       "    0.0013031464160767573,\n",
       "    0.0019621872413461998,\n",
       "    1.905674239553973e-05,\n",
       "    0.0018826380142679799,\n",
       "    0.002983061089504885,\n",
       "    0.002191777421548261,\n",
       "    0.0022364760711286883,\n",
       "    0.0026716333923627418,\n",
       "    0.0021856670974914547,\n",
       "    0.001799777255826326,\n",
       "    0.0027952959341034306,\n",
       "    0.0020757139556742137,\n",
       "    0.0029922963947353804,\n",
       "    0.0031332839299548026,\n",
       "    0.006380496002575846,\n",
       "    0.0017819680439290885,\n",
       "    0.0028127251161421322,\n",
       "    -7.610598496299574e-07,\n",
       "    4.208130308055772e-06,\n",
       "    0.0018176917365917173,\n",
       "    0.001884112685871908,\n",
       "    0.0022184770527533455],\n",
       "   [0.0028064477498986407,\n",
       "    0.0021277527495996654,\n",
       "    0.0021676027913545386,\n",
       "    0.002528731863743834,\n",
       "    0.002132901598446158,\n",
       "    0.001753072834137624,\n",
       "    0.00159805419419355,\n",
       "    6.567826966629144e-05,\n",
       "    0.002304277087936377,\n",
       "    0.0023945234707807776,\n",
       "    0.002528085905902748,\n",
       "    0.002294600927650533,\n",
       "    0.002243023778374818,\n",
       "    0.001485886537631468,\n",
       "    0.0006445225366006206,\n",
       "    0.002593718045046756,\n",
       "    0.00232435441363627,\n",
       "    0.00243595931297135,\n",
       "    0.0019128182189798075,\n",
       "    0.0017819680439290885,\n",
       "    0.005175905362415223,\n",
       "    0.0021816735564896494,\n",
       "    -1.6638208440015328e-05,\n",
       "    -2.031758289251126e-05,\n",
       "    0.0024596423393097606,\n",
       "    0.002244409407516613,\n",
       "    0.002632428279155849],\n",
       "   [0.002647280932809141,\n",
       "    0.003017562913193188,\n",
       "    0.002970606505321493,\n",
       "    0.0024606964093233565,\n",
       "    0.0022801971404917292,\n",
       "    0.001617410832061709,\n",
       "    0.0022146467276263977,\n",
       "    1.2554986015665465e-05,\n",
       "    0.0020093930071802637,\n",
       "    0.003307911525837121,\n",
       "    0.002689725937897483,\n",
       "    0.0025524669379326835,\n",
       "    0.00301146772475109,\n",
       "    0.002243495230854819,\n",
       "    0.0013906741287726453,\n",
       "    0.003103447766212588,\n",
       "    0.0025812775748299682,\n",
       "    0.00336891442074664,\n",
       "    0.002912134774064561,\n",
       "    0.0028127251161421322,\n",
       "    0.0021816735564896494,\n",
       "    0.005830506533177789,\n",
       "    -2.1280945045564227e-06,\n",
       "    6.884289000895913e-07,\n",
       "    0.0023732614642427005,\n",
       "    0.002058451403192935,\n",
       "    0.002530603877675053],\n",
       "   [-1.9247019662331476e-05,\n",
       "    -1.614066272330649e-05,\n",
       "    2.668017539407983e-06,\n",
       "    -2.102444403733556e-05,\n",
       "    -1.8930354423441554e-05,\n",
       "    -1.4426957155644622e-05,\n",
       "    -1.2148131436701512e-05,\n",
       "    6.450043163827142e-06,\n",
       "    -8.861379723645482e-06,\n",
       "    -2.445890407067982e-06,\n",
       "    -1.8017663841362642e-05,\n",
       "    -2.0779003169413376e-05,\n",
       "    -1.1725507488795763e-07,\n",
       "    3.384459114887079e-06,\n",
       "    2.7686695516584632e-05,\n",
       "    -1.8238483358547104e-05,\n",
       "    -1.53708274834329e-05,\n",
       "    -2.5791643370235343e-05,\n",
       "    1.176077847083129e-05,\n",
       "    -7.610598496299574e-07,\n",
       "    -1.6638208440015328e-05,\n",
       "    -2.1280945045564227e-06,\n",
       "    1.4842249470665386e-05,\n",
       "    8.17689700113853e-06,\n",
       "    -1.8815721225222446e-05,\n",
       "    -1.6135745684061906e-05,\n",
       "    -1.2928023067084608e-05],\n",
       "   [-1.550164917847579e-05,\n",
       "    -9.638117743203415e-06,\n",
       "    6.636171623521756e-06,\n",
       "    -1.0885642272035777e-05,\n",
       "    -1.3219882608911343e-05,\n",
       "    1.4669268470946421e-06,\n",
       "    -1.527838983791086e-05,\n",
       "    1.3825305188588821e-06,\n",
       "    -6.155116597756567e-06,\n",
       "    1.677966665121219e-06,\n",
       "    -1.4116037646525234e-05,\n",
       "    -6.914408706165989e-06,\n",
       "    1.432748006834006e-06,\n",
       "    -7.154997297038224e-07,\n",
       "    4.53318449495257e-05,\n",
       "    -2.295135027932285e-06,\n",
       "    5.596223561869186e-06,\n",
       "    -2.6629096629536897e-05,\n",
       "    1.6127687983963917e-05,\n",
       "    4.208130308055772e-06,\n",
       "    -2.031758289251126e-05,\n",
       "    6.884289000895913e-07,\n",
       "    8.17689700113853e-06,\n",
       "    2.1421818291595932e-05,\n",
       "    -4.191978944087984e-06,\n",
       "    -1.4824550270445366e-06,\n",
       "    -1.179326481382427e-05],\n",
       "   [0.0032381186152516178,\n",
       "    0.0023385272883878344,\n",
       "    0.0027608108404962046,\n",
       "    0.0024388339527613217,\n",
       "    0.002085826255481494,\n",
       "    0.0016185851485320474,\n",
       "    0.0017341605117371464,\n",
       "    5.0624360965468875e-05,\n",
       "    0.0023033954510449177,\n",
       "    0.002550283876121938,\n",
       "    0.0025714043595476813,\n",
       "    0.002195450129565161,\n",
       "    0.00232166815198533,\n",
       "    0.001582198082533764,\n",
       "    0.0009210990356770443,\n",
       "    0.0025585831572377264,\n",
       "    0.002299325599984239,\n",
       "    0.0026504223281079427,\n",
       "    0.0025480406528025673,\n",
       "    0.0018176917365917173,\n",
       "    0.0024596423393097606,\n",
       "    0.0023732614642427005,\n",
       "    -1.8815721225222446e-05,\n",
       "    -4.191978944087984e-06,\n",
       "    0.00390885104660444,\n",
       "    0.0022372562475951006,\n",
       "    0.002876771763584868],\n",
       "   [0.002388457589696345,\n",
       "    0.002206640386336594,\n",
       "    0.0021935201532479664,\n",
       "    0.00249090019088458,\n",
       "    0.002091326342222647,\n",
       "    0.0016622570769136375,\n",
       "    0.001586826958852105,\n",
       "    5.746065900011007e-05,\n",
       "    0.0020151851756789506,\n",
       "    0.002310076606043511,\n",
       "    0.0023692449133046745,\n",
       "    0.002126036433806443,\n",
       "    0.0021185791215018054,\n",
       "    0.0015084539826178882,\n",
       "    0.0010354372583055809,\n",
       "    0.0022287316725227574,\n",
       "    0.0022451446896792062,\n",
       "    0.002363416318196235,\n",
       "    0.002694846285555191,\n",
       "    0.001884112685871908,\n",
       "    0.002244409407516613,\n",
       "    0.002058451403192935,\n",
       "    -1.6135745684061906e-05,\n",
       "    -1.4824550270445366e-06,\n",
       "    0.0022372562475951006,\n",
       "    0.003160864012967946,\n",
       "    0.0020468006910582047],\n",
       "   [0.0028230579010064955,\n",
       "    0.002153393655005686,\n",
       "    0.0028481899845782975,\n",
       "    0.0024936658663999556,\n",
